100 4950
0 62 53
0 97 11
0 96 75
0 52 77
0 21 4
0 11 3
0 98 26
0 14 50
0 10 80
0 20 14
0 55 81
0 22 97
0 81 96
0 36 35
0 64 76
0 37 95
0 53 23
0 65 41
0 41 83
0 28 66
0 7 37
0 38 53
0 4 80
0 39 83
0 45 36
0 68 41
0 99 100
0 40 86
0 85 23
0 61 4
0 67 98
0 27 45
0 93 15
0 75 78
0 24 67
0 44 97
0 66 15
0 57 76
0 16 86
0 19 65
0 47 3
0 34 63
0 26 77
0 89 98
0 6 46
0 33 57
1 25 33
1 44 90
1 80 16
1 94 59
1 89 42
1 60 50
1 10 84
1 36 45
1 68 61
1 70 17
1 48 46
1 72 64
1 66 3
1 45 9
1 23 98
1 41 85
1 95 86
1 90 43
1 33 76
1 0 68
1 51 12
1 52 8
1 96 61
1 32 52
1 73 22
1 78 20
1 79 24
1 28 55
1 56 45
1 38 67
1 97 33
1 31 98
1 69 43
1 76 11
1 85 79
1 3 39
1 24 45
1 14 76
1 53 37
1 74 39
1 19 74
1 92 1
1 58 1
1 67 22
2 20 28
2 89 98
2 14 82
2 57 36
2 64 77
2 29 28
2 49 48
2 6 35
2 94 85
2 92 60
2 84 36
2 5 91
2 32 90
2 38 98
2 86 67
2 45 9
2 35 46
2 17 80
2 83 51
2 77 42
2 12 21
2 93 86
2 23 63
2 1 11
2 59 51
2 16 8
2 10 12
2 78 13
2 55 86
2 79 27
2 39 81
2 82 28
2 31 64
2 11 79
2 22 68
2 54 36
2 3 88
2 41 92
2 98 30
2 4 1
2 44 45
2 68 11
2 33 7
2 72 56
2 50 8
2 51 20
2 36 42
2 95 35
2 62 46
2 0 78
2 97 27
2 7 72
3 69 76
3 94 51
3 18 90
3 20 3
3 77 30
3 2 89
3 30 50
3 28 26
3 49 2
3 54 55
3 83 24
3 62 96
3 41 5
3 68 71
3 96 63
3 86 20
3 47 76
3 10 35
3 46 95
3 23 90
3 70 26
3 66 22
3 87 14
3 42 29
3 39 57
3 24 30
3 85 82
3 34 100
3 93 65
3 44 11
3 6 28
3 14 62
3 33 39
3 99 31
3 95 89
3 53 83
3 78 7
3 80 98
3 26 35
3 38 23
3 76 40
3 36 34
3 72 54
3 67 6
3 81 20
3 48 35
3 59 89
3 19 46
3 4 29
3 71 98
3 97 11
3 58 26
4 38 13
4 43 82
4 74 20
4 22 25
4 79 96
4 12 61
4 93 95
4 91 92
4 73 19
4 47 78
4 16 7
4 97 72
4 44 29
4 89 41
4 61 82
4 70 40
4 33 49
4 83 74
4 49 99
4 95 26
4 3 6
4 84 65
4 42 94
4 60 47
4 34 82
4 52 18
4 27 31
4 67 29
4 48 73
4 32 31
4 9 45
4 29 33
4 86 46
4 26 13
4 45 66
4 88 76
4 0 69
4 11 67
4 1 30
4 81 27
4 46 1
4 63 89
4 36 5
4 96 30
4 64 67
4 75 96
4 71 11
4 31 2
4 58 1
4 85 79
4 21 34
5 88 94
5 68 20
5 60 52
5 16 23
5 26 56
5 29 69
5 84 99
5 33 91
5 59 30
5 46 80
5 91 29
5 18 3
5 75 5
5 51 74
5 43 31
5 48 17
5 71 41
5 81 31
5 66 31
5 7 88
5 13 6
5 94 79
5 17 13
5 37 47
5 40 27
5 10 6
5 31 9
5 62 23
5 6 26
5 4 61
5 3 66
5 27 49
5 42 85
5 45 87
5 14 99
5 52 15
5 47 45
5 99 24
5 53 29
5 95 81
5 56 9
5 64 96
5 23 27
5 25 87
5 61 13
5 82 69
5 20 50
5 79 97
5 76 70
5 22 14
6 15 80
6 10 39
6 51 25
6 65 14
6 0 82
6 73 28
6 70 78
6 56 57
6 74 57
6 85 33
6 90 100
6 47 66
6 87 4
6 89 79
6 16 81
6 67 45
6 62 93
6 94 59
6 75 47
6 2 7
6 46 12
6 43 41
6 30 51
6 25 75
6 24 58
6 76 79
6 35 74
6 9 27
6 26 89
6 12 63
6 4 57
6 27 20
6 31 5
6 52 39
6 28 13
6 79 64
6 77 92
6 58 6
6 38 15
6 20 23
6 97 27
6 19 64
6 59 23
6 5 4
6 39 37
6 44 27
6 11 38
6 88 99
7 90 27
7 99 19
7 65 23
7 85 74
7 59 90
7 11 28
7 41 58
7 6 45
7 20 59
7 52 59
7 79 55
7 96 6
7 21 44
7 33 3
7 71 43
7 36 17
7 48 21
7 3 76
7 24 12
7 8 98
7 86 46
7 17 34
7 58 23
7 88 12
7 37 30
7 92 27
7 10 26
7 91 63
7 28 11
7 39 28
7 12 50
7 81 37
7 51 50
7 23 53
7 47 27
7 50 47
7 70 100
7 31 75
7 49 8
7 18 43
7 19 42
7 87 66
7 68 82
8 78 57
8 92 80
8 42 2
8 67 91
8 74 43
8 55 3
8 33 99
8 79 9
8 1 36
8 76 94
8 35 83
8 14 10
8 57 95
8 21 88
8 37 28
8 84 90
8 80 71
8 24 34
8 22 64
8 72 66
8 36 89
8 81 14
8 49 60
8 12 92
8 39 94
8 20 38
8 17 89
8 7 98
8 97 60
8 58 79
8 77 27
8 90 5
8 94 45
8 69 3
8 45 8
8 40 46
8 28 86
8 43 57
8 25 31
8 54 12
8 66 54
8 34 33
8 41 64
8 70 72
8 47 36
8 96 84
8 60 92
8 31 10
8 95 72
8 10 96
8 16 76
8 86 83
8 56 18
8 64 65
8 50 76
8 71 39
8 27 66
8 99 5
8 65 100
8 68 12
8 89 21
9 80 38
9 19 11
9 44 35
9 85 75
9 56 13
9 52 15
9 18 58
9 67 9
9 23 90
9 78 37
9 71 10
9 76 46
9 61 48
9 32 81
9 57 79
9 95 84
9 41 17
9 27 23
9 74 8
9 83 31
9 17 4
9 7 97
9 10 17
9 49 59
9 1 48
9 28 50
9 87 70
9 38 59
9 89 35
9 97 96
9 14 25
9 86 31
9 81 55
9 93 49
9 5 69
9 8 86
9 11 19
9 2 43
9 15 78
9 90 97
9 31 96
9 46 87
9 64 74
9 60 78
9 53 73
9 68 63
9 24 65
9 30 33
9 73 63
9 25 19
9 22 46
9 6 53
9 37 42
9 35 9
9 0 57
9 3 12
9 55 86
9 13 49
10 55 79
10 69 32
10 0 39
10 25 27
10 65 25
10 38 73
10 70 90
10 13 14
10 22 64
10 66 43
10 91 80
10 3 80
10 33 68
10 60 95
10 19 36
10 95 50
10 79 56
10 80 25
10 86 13
10 96 89
10 7 31
10 49 98
10 48 66
10 63 10
10 75 82
10 59 1
10 74 40
10 68 89
10 42 35
10 28 10
10 87 12
10 20 5
10 57 47
10 21 81
10 67 60
10 76 19
10 15 41
10 64 29
10 78 47
10 6 59
10 82 99
10 97 41
10 11 9
11 35 89
11 32 26
11 94 6
11 27 71
11 6 22
11 77 29
11 7 97
11 45 6
11 85 2
11 90 96
11 23 23
11 50 70
11 15 97
11 58 57
11 52 83
11 20 1
11 29 1
11 86 77
11 42 72
11 38 70
11 3 28
11 88 72
11 99 94
11 73 3
11 53 76
11 47 4
11 70 20
11 63 56
11 98 80
11 21 93
11 56 54
11 12 85
11 95 16
11 67 96
11 97 71
11 37 47
11 81 11
11 34 98
11 59 10
11 33 98
11 13 6
11 14 70
11 87 76
11 71 47
11 91 29
11 89 80
11 0 7
12 60 99
12 66 8
12 19 83
12 76 9
12 52 74
12 45 90
12 41 57
12 25 37
12 99 83
12 98 58
12 77 29
12 73 28
12 2 87
12 58 72
12 70 69
12 93 12
12 40 69
12 46 68
12 1 8
12 74 62
12 20 11
12 24 93
12 26 69
12 8 100
12 69 94
12 39 18
12 22 48
12 97 76
12 92 2
12 27 17
12 90 35
12 61 79
12 28 36
12 13 82
12 49 14
12 67 81
12 95 23
12 31 58
12 21 49
12 5 92
12 14 92
12 42 86
12 38 59
12 82 85
13 73 9
13 72 33
13 71 26
13 44 45
13 45 41
13 53 97
13 9 78
13 18 93
13 84 51
13 30 3
13 47 33
13 68 47
13 95 83
13 23 22
13 3 47
13 48 70
13 99 99
13 0 38
13 27 12
13 82 7
13 65 98
13 90 55
13 16 68
13 14 82
13 91 33
13 10 64
13 42 26
13 60 30
13 22 68
13 75 12
13 15 3
13 31 13
13 81 18
13 78 72
13 36 43
13 56 61
13 94 98
13 17 61
13 12 84
13 89 40
13 67 26
13 59 33
13 74 5
13 92 32
13 69 8
13 58 65
13 7 57
13 29 84
13 19 31
13 88 14
13 33 50
13 80 25
13 83 92
13 66 89
13 32 88
13 28 54
13 57 94
14 57 30
14 34 82
14 10 46
14 50 62
14 48 96
14 73 70
14 18 28
14 21 61
14 55 11
14 63 98
14 83 22
14 78 60
14 33 44
14 32 70
14 28 67
14 5 97
14 81 8
14 62 22
14 96 95
14 47 5
14 22 72
14 87 89
14 9 85
14 60 56
14 51 87
14 95 34
14 35 31
14 12 80
14 90 24
14 72 76
14 80 83
14 61 84
14 31 77
14 70 40
14 68 36
14 42 22
14 52 47
14 56 39
14 26 16
14 59 12
14 7 88
14 69 6
14 91 11
14 82 89
14 20 35
14 88 60
14 76 1
15 59 37
15 12 21
15 0 96
15 35 46
15 76 6
15 83 30
15 79 10
15 54 2
15 16 1
15 3 63
15 95 65
15 55 50
15 94 72
15 72 21
15 98 77
15 58 100
15 80 34
15 8 32
15 26 44
15 51 11
15 40 48
15 96 34
15 68 90
15 90 11
15 85 39
15 19 52
15 7 78
15 44 7
15 56 84
15 20 36
15 84 1
15 91 53
15 65 60
15 28 24
15 27 25
15 87 17
15 86 10
15 33 94
15 5 55
15 25 87
15 89 57
15 9 12
15 46 13
15 49 95
15 32 55
15 69 86
16 25 7
16 89 54
16 5 10
16 53 44
16 60 66
16 95 85
16 90 36
16 78 63
16 70 61
16 41 64
16 74 23
16 51 51
16 72 100
16 11 15
16 67 45
16 63 49
16 97 15
16 37 21
16 44 4
16 87 27
16 75 57
16 54 14
16 4 72
16 96 29
16 9 63
16 42 56
16 71 7
16 32 96
16 64 40
16 49 5
16 7 66
16 65 60
16 14 66
16 62 58
16 31 58
16 1 86
16 69 1
16 45 79
16 6 31
16 99 80
16 59 2
16 29 65
16 20 92
16 28 10
16 40 84
16 22 99
16 12 75
16 38 68
16 79 82
16 30 46
16 24 82
16 80 17
16 23 5
16 3 66
16 18 58
16 39 84
16 21 68
17 15 93
17 76 51
17 49 19
17 37 66
17 77 85
17 84 42
17 48 26
17 46 53
17 47 49
17 74 9
17 13 79
17 32 38
17 29 31
17 63 32
17 61 65
17 34 7
17 64 20
17 54 85
17 81 57
17 89 30
17 87 4
17 97 52
17 10 97
17 6 29
17 80 80
17 14 23
17 96 39
17 65 32
17 9 20
17 93 64
17 57 66
17 41 33
17 30 46
17 7 97
17 35 26
17 99 89
17 19 79
17 52 74
17 27 54
17 50 94
17 25 61
17 4 2
17 18 49
17 40 67
17 98 44
17 85 66
17 36 62
17 28 33
18 70 94
18 4 18
18 14 45
18 59 61
18 78 65
18 86 96
18 82 14
18 6 45
18 65 57
18 91 60
18 15 81
18 53 56
18 69 17
18 77 97
18 97 69
18 39 6
18 51 24
18 24 78
18 21 95
18 7 75
18 20 97
18 29 44
18 28 83
18 62 56
18 92 70
18 17 49
18 50 8
18 58 9
18 16 43
18 90 17
18 5 36
18 79 12
18 84 25
18 22 32
18 30 53
18 38 2
18 85 37
18 11 41
18 40 20
18 42 36
18 35 23
18 33 3
18 83 58
18 64 84
18 61 98
19 99 86
19 61 100
19 86 41
19 6 7
19 58 83
19 16 71
19 24 57
19 96 77
19 29 74
19 35 43
19 47 64
19 69 61
19 39 28
19 83 35
19 41 56
19 34 76
19 85 66
19 37 56
19 77 19
19 97 43
19 74 14
19 43 17
19 60 65
19 0 61
19 89 39
19 53 39
19 57 20
19 65 48
19 59 97
19 23 66
19 42 23
19 90 87
19 4 99
19 7 90
19 94 17
19 66 19
19 95 59
19 14 32
19 62 17
19 80 9
19 54 97
19 92 8
19 50 56
19 28 90
19 91 42
19 76 88
19 75 99
19 68 55
19 11 54
19 46 100
19 12 10
19 49 22
19 25 54
19 56 93
19 52 83
19 15 43
19 93 23
20 79 18
20 34 52
20 56 57
20 19 98
20 80 27
20 91 79
20 4 90
20 45 2
20 40 84
20 31 35
20 13 91
20 70 55
20 95 7
20 76 39
20 43 45
20 89 15
20 85 46
20 57 14
20 27 2
20 33 33
20 6 86
20 3 55
20 64 84
20 97 75
20 74 14
20 58 59
20 93 11
20 23 67
20 21 7
20 60 53
20 46 88
20 26 40
20 44 78
20 41 13
20 96 5
20 50 97
20 67 97
20 98 42
20 77 98
20 86 15
20 12 12
20 83 82
20 72 54
20 10 66
20 7 86
20 51 17
21 90 76
21 64 24
21 68 45
21 20 50
21 13 26
21 38 87
21 3 45
21 32 68
21 73 41
21 54 94
21 81 18
21 44 37
21 19 21
21 74 25
21 15 48
21 55 51
21 18 31
21 56 40
21 58 61
21 86 30
21 12 82
21 94 69
21 43 70
21 99 95
21 98 84
21 67 17
21 34 24
21 0 64
21 88 10
21 22 1
21 51 56
21 75 43
21 6 97
21 23 49
21 97 72
21 85 84
21 14 62
21 59 51
21 36 76
21 46 70
21 93 92
21 4 67
21 35 27
21 91 62
21 33 10
21 69 20
21 71 78
21 5 13
21 28 19
21 30 90
22 37 41
22 0 71
22 97 16
22 64 83
22 36 24
22 48 77
22 38 97
22 21 81
22 69 19
22 39 82
22 61 54
22 47 86
22 46 71
22 73 47
22 24 55
22 7 98
22 88 32
22 82 13
22 95 41
22 25 52
22 98 56
22 28 76
22 50 82
22 77 4
22 9 8
22 56 83
22 33 68
22 80 94
22 40 62
22 71 6
22 45 95
22 53 59
22 67 74
22 74 74
22 42 91
22 84 58
22 26 31
22 89 66
22 19 21
22 1 19
22 94 10
23 19 42
23 65 20
23 1 65
23 82 98
23 54 7
23 87 19
23 63 12
23 31 51
23 7 80
23 58 72
23 90 95
23 32 28
23 66 16
23 6 2
23 92 55
23 45 62
23 48 4
23 46 5
23 98 19
23 43 46
23 24 94
23 80 17
23 71 3
23 83 34
23 97 37
23 17 77
23 94 49
23 99 65
23 77 1
23 9 52
23 38 39
23 70 90
23 8 36
23 15 18
23 67 79
23 51 91
23 22 62
23 68 18
23 95 66
23 52 73
23 26 40
23 47 52
23 88 50
23 36 27
23 75 65
23 25 49
23 30 59
23 53 63
23 89 89
24 64 32
24 59 77
24 40 77
24 4 63
24 71 30
24 80 82
24 70 83
24 32 7
24 88 3
24 14 12
24 52 22
24 55 27
24 85 31
24 69 73
24 29 28
24 60 61
24 43 20
24 45 85
24 34 46
24 65 79
24 7 50
24 20 86
24 86 97
24 21 88
24 35 50
24 77 16
24 72 40
24 66 23
24 93 24
24 39 74
24 81 2
24 90 71
24 83 6
24 74 46
24 31 8
24 94 72
24 0 38
24 18 80
24 25 61
24 79 47
24 17 23
24 62 62
24 78 58
24 9 74
24 95 48
24 87 85
24 46 64
24 61 15
24 6 85
24 58 64
24 82 50
24 96 74
24 19 58
24 16 47
24 92 85
24 44 52
24 15 51
24 23 93
24 27 1
24 75 75
24 68 20
24 3 11
25 21 92
25 81 16
25 23 57
25 22 24
25 27 75
25 18 8
25 31 24
25 67 72
25 10 51
25 40 95
25 83 16
25 84 94
25 64 17
25 41 17
25 99 9
25 86 9
25 49 87
25 12 51
25 2 63
25 24 21
25 30 17
25 72 10
25 48 58
25 14 87
25 93 81
25 47 88
25 65 51
25 8 92
25 59 77
25 92 34
25 7 92
25 98 20
25 63 52
25 45 52
25 3 83
25 73 44
25 97 11
25 4 90
25 20 25
25 34 39
25 56 1
25 15 30
25 0 11
25 50 14
25 37 32
25 46 81
25 82 87
25 13 61
25 69 73
25 78 82
26 20 84
26 17 25
26 56 71
26 42 29
26 24 4
26 95 95
26 23 6
26 37 6
26 41 52
26 4 40
26 30 75
26 88 99
26 0 87
26 50 25
26 92 91
26 77 70
26 28 80
26 35 69
26 91 92
26 12 49
26 55 37
26 86 93
26 43 64
26 58 78
26 75 93
26 10 94
26 39 84
26 74 13
26 68 70
26 9 45
26 46 87
26 73 4
26 64 28
26 61 45
26 21 31
26 25 8
26 47 35
26 29 61
26 89 64
26 59 33
26 48 21
26 76 43
26 44 7
26 45 92
26 90 15
26 16 29
26 78 92
27 26 100
27 19 47
27 81 85
27 15 87
27 87 86
27 64 23
27 49 28
27 14 69
27 34 11
27 58 93
27 75 58
27 78 31
27 35 87
27 96 8
27 10 53
27 54 87
27 63 15
27 95 33
27 98 4
27 99 26
27 62 87
27 25 82
27 61 53
27 23 13
27 48 65
27 3 77
27 5 74
27 89 9
27 69 42
27 38 89
27 21 22
27 53 91
27 92 74
27 86 35
27 60 88
27 16 32
27 80 33
27 13 16
27 90 25
27 47 94
27 1 20
27 65 32
27 29 8
27 6 90
27 52 29
27 56 1
27 55 48
27 79 19
28 71 42
28 72 81
28 51 50
28 83 11
28 12 37
28 90 20
28 84 78
28 49 12
28 46 82
28 87 33
28 81 65
28 20 71
28 88 84
28 50 1
28 9 61
28 14 40
28 30 16
28 91 19
28 0 100
28 8 7
28 47 19
28 18 85
28 33 100
28 63 97
28 80 59
28 42 61
28 92 80
28 58 4
28 1 63
28 4 68
28 56 23
28 75 73
28 95 97
28 70 27
28 69 61
28 78 2
28 55 25
28 82 9
28 57 99
28 99 58
28 74 63
28 19 49
28 35 45
28 48 79
28 25 55
28 96 45
28 6 44
28 97 56
28 39 17
29 66 83
29 28 7
29 43 5
29 68 14
29 69 55
29 9 39
29 52 56
29 22 60
29 35 80
29 36 58
29 19 70
29 61 53
29 83 91
29 82 72
29 42 23
29 55 23
29 70 35
29 99 54
29 79 29
29 14 12
29 1 16
29 72 99
29 91 21
29 65 79
29 78 65
29 31 34
29 57 92
29 58 38
29 38 25
29 18 74
29 93 65
29 39 6
29 74 66
29 32 96
29 21 15
29 87 11
29 40 89
29 98 99
29 67 77
29 94 47
29 33 54
29 34 79
29 15 49
29 56 80
29 8 66
29 11 11
29 50 70
29 4 82
29 44 4
30 36 54
30 58 85
30 71 93
30 84 57
30 2 39
30 61 20
30 39 47
30 56 100
30 92 9
30 47 23
30 68 57
30 14 34
30 46 28
30 28 44
30 29 56
30 62 19
30 31 70
30 42 43
30 38 58
30 34 73
30 89 90
30 53 4
30 67 63
30 43 10
30 40 1
30 26 85
30 70 68
30 0 66
30 64 14
30 79 59
30 18 44
30 83 34
30 25 29
30 44 30
30 52 51
30 12 35
30 20 20
30 8 84
30 10 10
30 23 24
30 16 37
30 82 36
30 21 79
30 3 1
30 54 56
30 1 22
30 87 17
31 41 38
31 8 39
31 26 53
31 17 88
31 61 71
31 36 18
31 15 27
31 92 32
31 89 77
31 71 58
31 43 22
31 78 47
31 32 50
31 57 55
31 46 29
31 23 39
31 70 81
31 14 21
31 3 73
31 77 84
31 22 87
31 49 77
31 82 88
31 94 11
31 67 90
31 68 37
31 25 36
31 21 65
31 91 23
31 0 94
31 95 61
31 59 10
31 88 5
31 45 64
31 50 37
31 9 49
31 76 16
31 52 28
32 91 24
32 35 93
32 41 83
32 0 29
32 29 7
32 72 65
32 27 84
32 18 19
32 76 1
32 66 12
32 68 8
32 43 3
32 73 88
32 50 91
32 93 75
32 57 46
32 55 50
32 63 92
32 20 70
32 39 52
32 85 38
32 87 63
32 37 28
32 6 94
32 60 73
32 83 73
32 88 14
32 40 14
32 95 57
32 65 91
32 51 50
32 56 79
32 54 75
32 5 34
32 12 86
32 34 90
32 78 61
32 53 17
32 58 16
32 90 59
32 21 40
32 86 84
32 77 94
32 24 20
32 74 63
32 94 22
32 61 50
32 64 43
32 46 20
32 49 61
33 91 90
33 95 70
33 92 5
33 77 48
33 98 37
33 28 98
33 32 27
33 0 9
33 99 17
33 69 39
33 89 94
33 6 30
33 14 28
33 37 33
33 85 29
33 10 14
33 61 46
33 8 75
33 22 46
33 30 82
33 20 25
33 41 44
33 57 57
33 27 51
33 1 38
33 55 45
33 2 78
33 94 91
33 3 1
33 64 61
33 93 17
33 53 27
33 7 45
33 11 32
33 45 65
33 54 2
33 26 7
33 78 89
33 44 100
33 15 78
33 88 63
33 80 41
33 60 30
33 50 96
33 46 79
33 18 91
33 16 56
33 97 25
33 72 60
33 79 12
33 42 24
33 71 64
33 25 10
33 19 72
33 29 66
34 39 24
34 68 69
34 62 65
34 17 8
34 0 63
34 18 33
34 77 52
34 47 100
34 83 32
34 54 99
34 50 90
34 33 98
34 66 69
34 15 20
34 27 13
34 98 48
34 2 62
34 64 52
34 13 55
34 8 61
34 81 71
34 48 71
34 80 30
34 79 10
34 32 25
34 43 30
34 87 35
34 89 16
34 46 12
34 76 6
34 51 56
34 29 36
34 60 88
34 70 4
34 24 21
34 41 55
34 12 62
34 91 47
34 37 66
34 21 54
34 93 42
34 74 58
34 45 48
34 55 44
34 82 45
34 6 89
34 20 21
34 94 64
34 59 88
34 40 95
34 16 99
34 23 94
35 95 92
35 55 29
35 11 94
35 94 5
35 6 85
35 21 10
35 90 92
35 60 84
35 33 97
35 82 56
35 7 74
35 32 11
35 77 27
35 76 10
35 31 22
35 78 86
35 84 19
35 99 55
35 67 3
35 85 36
35 98 35
35 3 49
35 23 1
35 69 48
35 66 26
35 93 1
35 20 93
35 39 28
35 51 33
35 38 4
35 28 21
35 27 97
35 13 20
35 24 53
35 79 87
35 47 15
35 30 57
35 81 86
35 72 48
35 5 36
35 97 69
35 88 37
35 41 66
35 50 3
35 70 88
35 80 25
36 16 56
36 62 37
36 14 84
36 8 76
36 60 20
36 37 27
36 84 56
36 22 97
36 48 29
36 5 23
36 51 13
36 53 28
36 38 96
36 17 39
36 87 83
36 39 63
36 9 90
36 46 41
36 26 71
36 98 53
36 33 59
36 0 7
36 61 68
36 55 4
36 32 79
36 23 89
36 75 49
36 86 49
36 92 87
36 91 13
36 94 20
36 89 60
36 19 55
36 18 22
36 96 48
36 97 22
36 25 93
36 56 43
36 40 47
36 13 36
36 42 17
36 41 10
36 28 56
36 63 89
36 82 51
36 73 23
36 83 5
36 27 56
36 69 5
36 31 20
36 7 85
37 53 3
37 45 11
37 97 81
37 4 56
37 66 11
37 77 11
37 50 9
37 26 52
37 69 54
37 36 71
37 87 44
37 54 13
37 3 65
37 21 46
37 82 35
37 94 76
37 76 55
37 79 75
37 16 55
37 63 68
37 80 71
37 68 11
37 1 70
37 38 63
37 71 15
37 24 37
37 41 93
37 83 30
37 15 1
37 34 26
37 60 88
37 57 74
37 39 82
37 81 16
37 48 40
37 92 74
37 55 60
37 18 47
37 90 79
37 43 33
37 17 44
37 51 46
37 6 88
37 9 44
37 84 56
37 61 38
37 78 47
37 29 25
37 12 40
37 67 30
37 85 48
38 15 38
38 93 56
38 33 89
38 66 36
38 97 55
38 67 99
38 96 13
38 19 63
38 42 95
38 98 35
38 4 85
38 1 33
38 43 18
38 12 73
38 99 71
38 75 13
38 47 51
38 14 57
38 11 81
38 28 13
38 25 13
38 56 18
38 20 53
38 70 55
38 69 12
38 5 34
38 17 97
38 23 57
38 7 59
38 46 8
38 72 15
38 22 74
38 95 45
38 2 53
38 3 7
38 81 6
38 21 23
38 18 8
38 92 44
38 30 96
38 79 45
38 55 22
38 53 13
38 8 49
38 94 16
38 26 60
38 45 44
38 0 6
38 73 95
38 10 43
38 63 43
38 51 63
38 37 82
39 62 94
39 28 87
39 0 55
39 80 59
39 41 38
39 89 5
39 23 43
39 17 93
39 54 74
39 9 91
39 35 51
39 13 67
39 98 60
39 30 30
39 59 74
39 78 13
39 45 48
39 92 69
39 2 13
39 58 23
39 95 59
39 72 82
39 85 96
39 16 27
39 24 78
39 10 83
39 50 61
39 15 7
39 65 55
39 42 79
39 48 48
39 97 98
39 64 69
39 86 19
39 57 47
39 90 78
39 76 8
39 27 24
39 71 92
39 8 51
39 83 79
39 25 7
39 40 38
40 44 54
40 34 88
40 71 94
40 70 66
40 91 100
40 28 47
40 69 18
40 9 61
40 18 43
40 45 6
40 63 57
40 76 55
40 93 23
40 26 49
40 52 11
40 3 34
40 47 77
40 31 6
40 41 52
40 2 9
40 81 36
40 19 29
40 23 97
40 25 98
40 67 11
40 36 25
40 20 46
40 33 93
40 79 34
40 65 73
40 92 16
40 8 38
40 62 48
40 4 56
40 90 4
40 85 76
40 73 76
40 0 3
40 37 63
40 87 34
40 98 57
40 50 32
40 6 33
40 86 27
40 96 49
40 24 5
40 51 90
40 35 17
40 60 65
40 49 58
40 12 50
40 48 3
40 5 43
40 54 10
40 43 47
41 99 62
41 94 39
41 39 75
41 74 13
41 28 88
41 53 59
41 43 88
41 34 81
41 19 93
41 42 43
41 30 100
41 71 55
41 57 10
41 90 30
41 48 76
41 70 76
41 68 1
41 36 80
41 4 94
41 8 97
41 0 79
41 22 90
41 15 26
41 7 90
41 92 81
41 76 6
41 35 60
41 77 93
41 56 66
41 25 25
41 98 75
41 50 58
41 31 77
41 54 36
41 63 34
41 49 87
41 69 47
41 55 43
41 27 85
41 20 86
42 8 68
42 84 26
42 11 90
42 91 72
42 4 33
42 50 48
42 34 3
42 81 12
42 28 52
42 27 12
42 53 35
42 0 32
42 97 61
42 3 21
42 6 45
42 69 34
42 47 33
42 24 8
42 98 62
42 41 86
42 88 12
42 54 85
42 80 19
42 39 61
42 56 12
42 44 82
42 95 15
42 38 44
42 17 75
42 78 25
42 20 64
42 48 44
42 22 28
42 94 28
42 68 26
42 71 59
42 25 98
42 52 15
42 89 80
42 12 72
42 1 3
42 93 88
42 33 5
42 5 78
42 61 33
42 99 71
42 60 47
42 49 5
42 87 24
42 10 69
42 43 51
42 62 87
42 19 34
43 73 53
43 39 49
43 4 57
43 66 50
43 36 65
43 99 12
43 7 45
43 92 87
43 40 45
43 11 90
43 58 1
43 98 63
43 33 93
43 10 89
43 21 88
43 89 57
43 48 30
43 82 89
43 20 82
43 96 17
43 90 55
43 71 46
43 80 31
43 50 79
43 85 66
43 2 5
43 88 93
43 1 2
43 59 62
43 41 92
43 9 55
43 67 20
43 57 24
43 44 66
43 49 35
43 26 48
43 95 93
43 84 29
43 30 99
43 35 85
43 68 71
43 27 44
43 37 46
43 78 12
43 15 52
43 34 65
43 63 54
43 13 54
43 65 43
43 91 32
43 45 44
43 83 87
43 28 83
44 45 47
44 70 3
44 26 40
44 46 49
44 63 54
44 32 54
44 96 67
44 22 48
44 13 72
44 65 63
44 87 33
44 82 93
44 84 54
44 2 5
44 81 53
44 14 22
44 77 11
44 53 60
44 25 83
44 90 38
44 9 94
44 7 60
44 10 52
44 19 7
44 85 67
44 18 34
44 59 23
44 83 3
44 95 76
44 92 80
44 47 44
44 72 70
44 24 33
44 27 85
44 42 6
44 51 9
44 94 60
44 17 8
44 43 65
44 31 64
44 89 61
44 79 87
44 97 61
44 66 74
44 76 22
44 5 72
45 9 32
45 71 90
45 29 15
45 0 100
45 88 47
45 36 58
45 68 54
45 31 12
45 23 28
45 12 69
45 32 6
45 11 35
45 53 50
45 70 99
45 24 68
45 73 4
45 66 60
45 78 51
45 96 99
45 55 84
45 90 38
45 92 63
45 19 76
45 81 87
45 82 21
45 69 38
45 13 92
45 44 94
45 79 26
45 27 28
45 17 20
45 41 21
45 86 32
45 65 66
45 4 72
45 14 95
45 57 78
45 30 42
45 67 70
45 35 83
45 51 13
45 25 63
45 49 37
45 18 55
45 40 38
45 37 69
45 42 14
45 77 84
45 8 20
46 93 39
46 90 87
46 58 9
46 53 68
46 5 50
46 44 50
46 15 59
46 63 33
46 96 87
46 13 44
46 69 27
46 24 34
46 32 43
46 99 26
46 66 54
46 98 95
46 80 36
46 1 33
46 89 6
46 77 41
46 54 92
46 45 32
46 67 51
46 52 40
46 2 17
46 78 30
46 76 11
46 30 89
46 10 10
46 42 26
46 92 17
46 41 67
46 27 39
46 4 47
46 12 70
46 61 65
46 23 37
46 60 72
46 0 46
46 94 20
46 43 54
46 64 82
46 40 39
46 9 71
46 75 66
46 14 27
46 35 13
46 33 82
46 7 81
46 28 55
46 22 59
46 31 69
46 85 32
47 12 13
47 8 99
47 57 62
47 42 73
47 9 22
47 17 50
47 36 32
47 15 7
47 68 50
47 46 83
47 22 25
47 41 38
47 16 64
47 26 38
47 28 44
47 90 49
47 53 31
47 55 18
47 72 16
47 54 60
47 70 18
47 19 80
47 91 23
47 58 49
47 6 1
47 43 93
47 77 52
47 96 1
47 95 42
47 5 68
47 71 48
47 1 85
47 85 41
47 98 65
47 69 63
47 87 77
47 7 15
47 0 70
47 89 57
47 59 49
47 74 14
47 86 53
47 45 83
47 94 65
47 4 26
47 30 48
47 73 53
47 2 43
48 42 66
48 11 40
48 21 52
48 1 33
48 51 13
48 88 5
48 85 60
48 60 20
48 22 88
48 23 36
48 81 29
48 14 53
48 2 80
48 91 62
48 90 96
48 99 64
48 6 29
48 65 48
48 24 60
48 95 75
48 27 95
48 12 50
48 40 24
48 89 52
48 32 84
48 77 23
48 33 29
48 75 23
48 50 61
48 54 77
48 63 80
48 43 53
48 73 7
48 36 17
48 68 1
48 86 20
48 64 28
48 10 3
48 44 96
48 31 18
48 66 89
48 30 49
48 92 77
48 79 61
48 18 45
48 19 67
49 93 19
49 91 90
49 17 19
49 67 29
49 8 74
49 50 47
49 47 55
49 99 12
49 14 80
49 12 38
49 74 97
49 72 93
49 60 36
49 64 12
49 19 68
49 30 39
49 87 65
49 78 4
49 21 61
49 23 11
49 53 22
49 38 75
49 35 69
49 71 44
49 68 46
49 40 21
49 83 77
49 39 66
49 11 77
49 31 76
49 34 42
49 52 42
49 62 81
49 88 33
49 73 45
49 22 14
49 51 16
49 2 27
49 82 71
49 92 5
49 66 67
49 7 56
49 10 70
49 1 18
49 26 41
49 97 42
49 27 32
50 35 28
50 56 37
50 5 54
50 54 98
50 58 55
50 9 7
50 40 79
50 34 45
50 33 38
50 2 82
50 38 60
50 6 87
50 4 15
50 65 24
50 73 58
50 66 1
50 18 22
50 83 51
50 70 43
50 91 89
50 71 63
50 45 20
50 16 34
50 49 53
50 57 97
50 74 80
50 15 50
50 89 38
50 30 45
50 76 32
50 72 70
50 27 68
50 1 82
50 99 6
50 69 71
50 22 88
50 20 80
50 28 69
50 90 34
50 48 86
50 98 96
50 24 90
50 94 90
50 92 9
51 0 82
51 97 54
51 50 45
51 88 51
51 13 84
51 29 39
51 61 42
51 46 30
51 45 40
51 71 65
51 28 78
51 92 45
51 98 79
51 81 38
51 89 93
51 10 48
51 87 88
51 37 80
51 70 25
51 25 29
51 24 88
51 53 5
51 41 18
51 54 57
51 62 85
51 26 87
51 15 54
51 7 58
51 90 91
51 63 51
51 44 51
51 59 53
51 16 67
51 93 29
51 74 38
51 60 35
51 3 91
51 40 94
51 21 4
51 91 5
51 58 85
51 65 75
51 57 78
51 14 64
51 56 7
51 82 81
51 68 41
51 1 77
52 87 85
52 84 77
52 94 1
52 37 74
52 22 27
52 15 42
52 59 69
52 56 16
52 11 41
52 0 8
52 60 90
52 38 20
52 36 24
52 26 34
52 95 56
52 71 76
52 13 74
52 6 82
52 21 73
52 54 47
52 90 55
52 9 29
52 19 3
52 31 57
52 89 12
52 93 25
52 40 27
52 66 71
52 91 36
52 45 74
52 98 46
52 67 52
52 42 73
52 20 79
52 17 72
52 28 48
52 46 90
52 65 47
52 74 76
52 80 32
52 39 87
52 2 52
52 43 16
52 85 97
52 99 30
52 82 93
52 96 33
52 34 19
52 68 84
52 57 32
53 37 29
53 9 41
53 91 49
53 99 8
53 59 1
53 63 74
53 20 43
53 83 51
53 77 41
53 3 70
53 14 91
53 95 100
53 30 60
53 12 24
53 73 3
53 56 39
53 29 5
53 40 63
53 47 26
53 54 97
53 13 73
53 64 83
53 72 16
53 32 54
53 43 61
53 39 18
53 87 64
53 76 10
53 82 55
53 19 41
53 6 12
53 90 35
53 67 67
53 62 47
53 18 88
53 74 74
53 24 91
53 98 51
53 79 83
53 94 92
53 45 72
53 78 69
53 27 93
53 86 12
53 96 24
53 48 23
53 41 90
53 93 46
53 57 56
53 70 1
53 51 84
53 89 81
54 55 70
54 23 6
54 73 18
54 42 41
54 5 94
54 62 85
54 24 63
54 0 82
54 47 29
54 40 43
54 63 76
54 66 68
54 41 90
54 11 94
54 99 31
54 2 50
54 3 17
54 79 18
54 17 44
54 7 83
54 10 3
54 70 38
54 65 90
54 77 51
54 90 72
54 61 1
54 46 78
54 92 2
54 78 36
54 35 1
54 48 29
54 14 4
54 26 9
54 94 20
54 4 86
54 12 75
54 88 56
54 60 33
54 18 38
54 13 31
54 67 32
54 25 76
54 29 40
54 31 63
54 52 50
54 85 99
54 22 62
54 95 43
54 39 84
54 19 39
54 72 7
54 98 34
55 74 69
55 61 16
55 24 79
55 3 56
55 6 50
55 33 19
55 97 90
55 60 41
55 66 22
55 94 86
55 12 84
55 53 75
55 43 74
55 22 48
55 28 58
55 8 48
55 73 16
55 26 4
55 36 43
55 13 31
55 23 79
55 78 4
55 76 7
55 56 23
55 64 89
55 96 70
55 89 49
55 92 44
55 77 33
55 51 25
55 54 39
55 18 2
55 93 34
55 72 17
55 21 3
55 41 44
55 84 24
55 7 27
55 29 43
55 90 21
55 69 16
55 75 44
55 35 38
55 16 33
55 38 71
55 37 75
55 32 24
55 42 19
55 5 97
55 82 79
55 48 66
55 44 15
56 24 47
56 25 65
56 45 26
56 90 67
56 2 13
56 21 46
56 73 67
56 31 93
56 78 88
56 47 91
56 42 63
56 91 36
56 95 15
56 85 6
56 48 62
56 71 41
56 19 32
56 69 27
56 64 29
56 51 73
56 86 57
56 15 97
56 13 75
56 76 1
56 82 46
56 32 35
56 4 42
56 17 16
56 39 96
56 29 14
56 72 53
56 38 17
56 83 94
56 67 38
56 94 49
56 59 94
56 92 40
56 60 77
56 11 48
56 93 17
56 53 28
56 58 28
56 80 55
56 26 62
56 97 87
56 84 79
56 79 83
56 65 45
56 88 30
56 62 37
56 23 95
56 63 15
56 70 90
56 40 22
56 46 13
56 9 51
57 22 68
57 36 10
57 49 15
57 62 46
57 20 89
57 11 7
57 38 44
57 5 77
57 19 17
57 84 59
57 83 28
57 17 72
57 37 1
57 56 100
57 97 45
57 75 89
57 9 96
57 87 4
57 50 25
57 45 34
57 66 73
57 54 30
57 80 7
57 96 1
57 10 19
57 12 54
57 72 68
57 81 21
57 70 51
57 26 84
57 85 44
57 40 87
57 41 99
57 60 2
57 30 57
57 94 58
57 67 56
57 93 59
57 79 48
57 74 50
57 76 44
57 88 24
57 16 50
57 27 78
57 4 24
58 70 92
58 8 58
58 55 47
58 31 16
58 51 46
58 25 6
58 61 15
58 69 26
58 26 8
58 14 55
58 7 71
58 12 38
58 38 84
58 54 43
58 95 97
58 82 56
58 88 88
58 0 19
58 33 68
58 57 37
58 11 56
58 2 64
58 24 74
58 21 30
58 18 64
58 53 59
58 79 60
58 80 29
58 77 40
58 27 92
58 16 63
58 71 18
58 41 66
58 28 92
58 83 60
58 19 20
58 52 67
58 91 59
58 60 46
58 96 79
58 81 97
58 45 99
58 76 86
58 20 2
58 22 12
58 59 38
59 84 13
59 35 100
59 68 37
59 87 58
59 14 56
59 19 25
59 0 72
59 47 80
59 9 7
59 13 82
59 73 39
59 49 26
59 40 52
59 98 21
59 69 57
59 83 40
59 36 68
59 26 100
59 18 20
59 28 98
59 24 17
59 67 26
59 91 65
59 60 79
59 4 29
59 92 61
59 79 16
59 71 11
59 54 28
59 55 87
59 11 25
59 15 83
59 85 33
59 66 98
59 45 88
59 16 66
59 81 36
59 76 87
59 62 36
59 50 84
59 52 9
59 23 15
59 20 6
59 78 70
60 69 12
60 48 66
60 52 100
60 77 38
60 6 85
60 71 48
60 53 90
60 13 49
60 20 16
60 35 20
60 39 20
60 92 92
60 9 19
60 32 59
60 37 75
60 70 42
60 43 4
60 25 29
60 87 37
60 62 65
60 11 14
60 17 92
60 91 14
60 75 49
60 89 96
60 55 59
60 10 80
60 27 82
60 15 17
60 33 32
60 14 49
60 2 89
60 1 79
60 94 46
60 93 77
60 44 66
60 4 54
60 28 46
60 78 70
60 21 82
60 50 40
60 49 3
60 31 60
60 22 99
60 36 3
60 67 8
60 79 90
60 65 28
60 26 18
60 83 95
60 72 1
60 59 18
61 22 57
61 35 71
61 57 75
61 81 37
61 23 19
61 82 38
61 56 5
61 33 79
61 51 3
61 89 45
61 49 77
61 27 88
61 62 79
61 58 42
61 79 90
61 65 73
61 0 17
61 8 94
61 6 3
61 99 4
61 55 7
61 97 44
61 75 62
61 30 61
61 91 96
61 90 39
61 68 6
61 29 94
61 76 93
61 69 8
61 73 52
61 11 14
61 39 31
61 32 47
61 78 11
61 10 71
61 87 98
61 83 37
61 15 86
61 88 96
61 31 27
61 38 70
61 3 5
61 92 48
62 99 18
62 57 78
62 18 99
62 19 48
62 88 1
62 34 53
62 72 87
62 37 74
62 77 92
62 50 30
62 83 16
62 3 61
62 12 96
62 39 55
62 38 77
62 29 87
62 54 95
62 79 5
62 24 41
62 2 66
62 78 43
62 86 38
62 80 46
62 6 3
62 96 91
62 35 55
62 1 41
62 55 37
62 0 9
62 47 50
62 59 89
62 58 90
62 10 20
62 68 45
62 56 39
62 69 19
62 65 97
62 25 19
62 97 46
62 85 44
62 36 79
62 14 92
62 95 21
62 41 34
62 67 62
62 70 47
62 92 35
62 82 61
62 71 31
62 73 46
62 63 55
63 3 96
63 89 63
63 62 93
63 47 97
63 29 71
63 30 85
63 71 60
63 73 32
63 69 3
63 52 49
63 18 3
63 43 21
63 87 60
63 86 43
63 35 10
63 38 37
63 92 69
63 67 34
63 98 95
63 68 47
63 77 21
63 60 52
63 72 12
63 55 22
63 61 26
63 7 11
63 58 67
63 82 60
63 39 70
63 31 26
63 13 23
63 56 76
63 45 65
63 42 100
63 40 12
63 48 42
63 34 74
63 84 71
63 44 70
63 57 54
63 50 92
63 27 67
63 9 32
63 22 55
63 14 4
63 80 93
63 49 23
63 91 77
64 25 93
64 29 19
64 17 52
64 51 6
64 4 33
64 79 81
64 35 49
64 39 46
64 3 53
64 98 60
64 86 37
64 95 88
64 72 39
64 83 51
64 84 53
64 16 76
64 71 10
64 94 74
64 28 31
64 93 17
64 36 73
64 97 25
64 26 57
64 73 78
64 88 46
64 77 47
64 78 92
64 91 95
64 32 39
64 43 97
64 23 93
64 11 55
64 31 10
64 67 54
64 99 49
64 89 43
64 41 2
64 45 7
64 7 100
64 18 98
64 30 1
64 70 68
64 46 91
64 9 95
64 40 75
64 66 86
64 76 100
64 22 38
64 53 15
64 82 2
65 44 44
65 90 37
65 70 53
65 73 21
65 34 83
65 2 7
65 81 41
65 85 70
65 17 59
65 68 91
65 91 67
65 23 32
65 71 20
65 21 12
65 42 60
65 87 100
65 98 95
65 53 10
65 32 26
65 94 70
65 27 42
65 14 65
65 93 42
65 39 72
65 52 31
65 12 10
65 18 70
65 76 46
65 19 83
65 31 80
65 72 5
65 69 80
65 54 80
65 92 21
65 47 32
65 16 19
65 59 70
65 9 87
65 51 6
65 37 68
65 10 83
65 5 33
65 38 2
65 41 82
65 1 37
65 61 49
66 29 22
66 60 52
66 96 100
66 58 84
66 54 83
66 18 66
66 48 57
66 69 49
66 11 17
66 85 67
66 37 57
66 12 64
66 93 43
66 6 14
66 75 49
66 64 74
66 9 33
66 63 12
66 98 100
66 86 65
66 43 48
66 74 24
66 3 81
66 94 92
66 97 85
66 77 40
66 53 60
66 8 6
66 27 61
66 71 83
66 79 91
66 14 84
66 83 16
66 59 46
66 89 75
66 40 78
66 4 77
66 25 13
66 46 33
66 81 6
66 36 96
66 95 74
66 5 43
66 17 24
66 19 37
66 88 72
66 65 53
66 45 66
66 39 87
66 23 7
66 22 74
66 38 50
66 28 85
67 86 27
67 50 18
67 0 41
67 11 99
67 24 98
67 80 75
67 82 49
67 25 51
67 27 38
67 62 5
67 10 36
67 59 5
67 57 87
67 3 60
67 43 14
67 94 56
67 89 33
67 1 35
67 58 35
67 98 37
67 32 71
67 21 55
67 47 13
67 12 21
67 16 5
67 70 85
67 35 89
67 36 65
67 28 62
67 63 86
67 33 94
67 19 84
67 95 17
67 5 100
67 96 2
67 79 47
67 29 21
67 30 9
67 88 31
67 99 29
67 37 72
67 83 79
67 31 14
67 56 76
67 48 78
67 93 3
67 45 69
67 84 91
67 64 54
67 66 65
68 4 65
68 81 85
68 31 12
68 87 79
68 19 67
68 58 47
68 96 35
68 13 96
68 32 19
68 94 30
68 49 6
68 51 18
68 15 49
68 52 33
68 90 76
68 36 25
68 86 85
68 39 59
68 67 9
68 0 62
68 99 58
68 80 59
68 43 11
68 8 84
68 33 82
68 42 38
68 44 62
68 78 67
68 72 90
68 7 6
68 34 92
68 79 3
68 88 94
68 40 20
68 66 63
68 22 12
68 89 4
68 17 31
68 1 95
68 54 65
68 45 83
68 53 62
68 46 36
68 29 38
68 97 2
68 10 61
68 47 30
68 70 42
68 48 68
68 25 52
68 50 85
68 24 61
68 77 89
69 75 62
69 44 37
69 7 9
69 66 3
69 67 23
69 23 45
69 85 28
69 50 65
69 88 91
69 14 7
69 42 54
69 99 90
69 90 72
69 15 48
69 98 35
69 2 99
69 32 46
69 73 36
69 31 21
69 68 33
69 10 31
69 16 76
69 56 96
69 57 49
69 80 49
69 86 79
69 54 89
69 87 90
69 6 89
69 1 80
69 22 94
69 60 16
69 78 58
69 58 57
69 65 100
69 30 85
69 26 55
69 62 24
69 81 37
69 38 7
69 95 22
69 70 43
69 17 32
69 0 12
69 51 23
70 87 11
70 19 82
70 1 71
70 23 70
70 32 50
70 41 48
70 20 72
70 42 5
70 84 53
70 99 75
70 66 80
70 59 69
70 25 88
70 49 54
70 55 52
70 0 39
70 91 47
70 11 19
70 36 95
70 74 72
70 5 78
70 27 45
70 48 26
70 6 34
70 30 48
70 22 81
70 97 68
70 51 38
70 62 11
70 83 43
70 21 97
70 85 57
70 37 18
70 80 37
70 12 97
70 72 98
70 9 92
70 90 64
70 54 94
70 26 39
70 60 94
70 33 5
70 76 38
70 13 80
70 95 64
70 50 71
70 78 94
70 7 57
70 94 12
70 18 97
70 88 9
70 17 22
70 46 69
70 39 88
70 64 78
70 61 38
70 69 16
70 10 63
71 53 70
71 79 23
71 94 21
71 67 11
71 4 70
71 78 94
71 41 35
71 10 51
71 8 48
71 76 77
71 82 27
71 99 8
71 9 87
71 38 59
71 80 79
71 73 90
71 57 25
71 50 98
71 1 48
71 40 16
71 84 40
71 68 65
71 27 30
71 22 10
71 48 26
71 26 9
71 43 93
71 42 88
71 13 75
71 59 18
71 61 35
71 90 32
71 15 27
71 58 12
71 17 79
71 93 5
71 18 16
71 28 61
71 25 7
71 89 28
71 21 23
71 7 90
71 72 4
71 51 83
71 63 7
71 87 49
71 5 5
71 91 28
71 69 37
71 88 27
72 93 88
72 19 70
72 66 33
72 4 1
72 54 17
72 18 45
72 69 44
72 29 62
72 75 22
72 76 53
72 39 95
72 82 89
72 0 73
72 9 24
72 1 44
72 7 82
72 56 19
72 12 43
72 91 75
72 98 71
72 41 42
72 64 47
72 49 75
72 65 65
72 31 64
72 73 52
72 53 45
72 60 6
72 17 12
72 67 69
72 15 92
72 24 9
72 87 46
72 63 58
72 47 67
72 10 31
72 20 86
72 78 67
72 30 36
72 94 57
72 81 47
72 74 71
72 8 71
72 42 5
72 58 7
72 44 65
72 32 87
72 51 64
72 97 95
72 40 49
72 45 18
73 15 18
73 58 77
73 97 22
73 2 30
73 28 10
73 93 20
73 65 69
73 75 69
73 27 18
73 63 31
73 52 85
73 95 63
73 34 4
73 47 91
73 3 50
73 19 99
73 87 45
73 14 35
73 86 38
73 11 29
73 17 67
73 22 73
73 49 68
73 21 23
73 30 100
73 29 64
73 69 93
73 26 34
73 78 90
73 45 18
73 77 40
73 64 31
73 57 6
73 79 51
73 74 37
73 81 66
73 80 37
73 42 74
73 20 87
73 98 60
73 55 49
73 6 56
73 70 22
73 50 8
73 24 51
74 65 51
74 82 91
74 55 67
74 52 38
74 50 30
74 14 47
74 59 50
74 12 88
74 32 56
74 61 15
74 78 81
74 33 19
74 1 23
74 42 40
74 84 45
74 4 69
74 81 8
74 6 52
74 43 79
74 40 20
74 69 8
74 53 100
74 57 44
74 94 100
74 49 1
74 36 40
74 35 83
74 54 69
74 97 67
74 87 78
74 51 2
74 5 39
74 90 15
74 0 71
74 83 92
74 47 15
74 3 18
74 72 64
74 45 39
74 91 44
74 16 67
74 10 72
74 7 44
74 22 87
74 26 84
74 73 32
74 29 41
75 69 53
75 79 57
75 60 81
75 94 7
75 80 5
75 0 4
75 41 41
75 28 23
75 89 38
75 45 34
75 82 70
75 25 44
75 22 17
75 30 38
75 31 80
75 7 3
75 3 51
75 56 65
75 43 50
75 93 48
75 64 43
75 62 77
75 44 70
75 12 33
75 76 1
75 85 98
75 10 98
75 72 22
75 92 24
75 86 75
75 23 73
75 35 27
75 33 21
75 14 45
75 2 21
75 97 16
75 58 42
75 37 41
75 6 51
75 55 49
75 18 92
75 19 83
75 4 73
75 26 62
75 53 59
75 81 23
75 66 75
75 74 86
75 54 46
75 21 30
75 8 93
75 99 56
75 9 35
76 38 78
76 54 54
76 44 15
76 93 48
76 30 62
76 45 38
76 15 29
76 62 18
76 60 95
76 86 7
76 63 89
76 29 87
76 20 73
76 31 28
76 68 35
76 99 57
76 94 17
76 55 83
76 59 3
76 23 49
76 24 11
76 89 79
76 16 78
76 0 13
76 3 28
76 80 23
76 61 93
76 91 3
76 84 1
76 69 80
76 33 99
76 83 7
76 92 64
76 46 2
76 82 69
76 95 31
76 43 96
76 88 63
76 77 65
76 57 56
76 87 15
76 28 100
76 26 34
76 71 5
76 98 36
76 74 16
76 81 28
76 10 61
76 53 62
76 79 17
76 85 12
76 1 32
77 79 68
77 93 74
77 92 51
77 9 96
77 36 42
77 91 42
77 59 94
77 55 15
77 11 7
77 60 66
77 87 9
77 20 62
77 34 7
77 5 19
77 0 11
77 86 83
77 56 80
77 88 100
77 28 93
77 46 77
77 27 19
77 25 8
77 83 60
77 39 47
77 62 81
77 82 57
77 78 59
77 85 48
77 84 42
77 54 34
77 94 94
77 89 2
77 13 73
77 65 49
77 1 99
77 73 88
77 18 1
77 23 63
77 33 80
77 17 40
77 63 67
77 48 96
77 10 37
77 68 34
77 50 13
77 80 7
77 51 65
77 67 41
77 97 82
77 58 84
77 40 8
77 41 4
77 71 87
78 38 52
78 70 17
78 65 87
78 92 74
78 59 70
78 21 53
78 84 55
78 80 41
78 52 81
78 28 4
78 37 38
78 40 71
78 58 83
78 11 52
78 73 52
78 72 83
78 14 35
78 46 89
78 4 77
78 62 76
78 69 3
78 31 73
78 3 10
78 51 80
78 61 49
78 95 19
78 17 68
78 56 69
78 0 23
78 53 4
78 27 74
78 12 33
78 68 95
78 75 43
78 57 62
78 33 18
78 1 19
78 90 55
78 26 32
78 94 34
78 32 3
78 88 43
78 55 1
78 41 87
78 18 31
78 76 19
78 39 89
78 6 77
78 45 37
78 25 100
78 83 66
79 33 61
79 4 33
79 13 45
79 88 46
79 80 50
79 47 22
79 61 38
79 64 91
79 82 14
79 76 41
79 32 87
79 6 74
79 55 93
79 18 46
79 51 46
79 11 28
79 60 99
79 52 21
79 95 45
79 43 66
79 28 94
79 5 84
79 86 43
79 99 95
79 96 92
79 66 87
79 49 37
79 0 63
79 31 35
79 83 38
79 46 29
79 94 82
79 42 78
79 48 30
79 7 57
79 16 41
79 15 8
79 56 10
79 90 35
79 41 55
79 19 66
79 85 67
79 53 61
79 2 16
79 22 57
79 59 51
79 9 2
79 20 20
80 99 9
80 81 42
80 16 65
80 62 84
80 69 41
80 19 30
80 75 54
80 58 48
80 88 37
80 46 12
80 77 100
80 83 66
80 29 51
80 8 2
80 96 40
80 51 71
80 38 86
80 32 25
80 47 72
80 79 76
80 21 15
80 48 95
80 66 97
80 1 28
80 43 48
80 98 64
80 57 8
80 24 7
80 40 68
80 60 68
80 82 2
80 27 56
80 35 94
80 5 36
80 87 5
80 11 25
80 84 92
80 61 97
80 94 77
80 97 64
80 10 34
80 85 14
80 9 44
80 45 42
80 89 8
80 67 70
80 53 22
80 41 35
80 64 91
80 6 97
80 93 37
80 33 66
81 0 84
81 26 37
81 11 69
81 3 71
81 49 26
81 77 46
81 57 81
81 31 98
81 82 76
81 38 77
81 13 95
81 18 78
81 44 21
81 59 86
81 79 53
81 86 58
81 20 67
81 27 96
81 98 60
81 55 29
81 19 34
81 69 52
81 84 99
81 5 51
81 58 44
81 50 74
81 67 11
81 72 37
81 37 93
81 87 48
81 10 14
81 35 11
81 34 2
81 42 50
81 54 35
81 95 65
81 6 1
81 23 1
81 62 40
81 2 98
81 90 98
81 7 96
81 15 82
81 74 50
81 97 38
81 46 23
81 51 30
81 80 23
81 60 58
81 45 97
81 25 25
81 63 74
81 12 58
81 88 54
81 89 39
82 18 7
82 62 41
82 51 63
82 0 2
82 19 22
82 85 4
82 37 91
82 63 30
82 33 72
82 34 17
82 10 3
82 70 87
82 3 48
82 24 47
82 23 34
82 31 97
82 78 71
82 67 93
82 35 56
82 58 22
82 12 63
82 61 53
82 9 26
82 80 2
82 60 41
82 93 88
82 2 70
82 46 67
82 90 4
82 16 43
82 81 66
82 57 58
82 29 46
82 68 54
82 42 61
82 65 21
82 17 49
82 50 96
82 20 72
82 48 100
82 66 56
82 55 83
82 15 84
82 39 55
82 96 24
82 27 38
82 53 68
83 79 6
83 87 76
83 24 49
83 22 79
83 78 4
83 82 75
83 68 5
83 53 91
83 9 88
83 96 51
83 34 81
83 3 24
83 10 70
83 90 99
83 13 43
83 16 48
83 7 3
83 45 79
83 88 33
83 46 6
83 71 78
83 77 60
83 40 55
83 74 47
83 2 46
83 20 6
83 99 19
83 0 85
83 38 13
83 67 14
83 76 55
83 51 62
83 49 97
83 85 95
83 12 31
83 81 87
83 62 82
83 37 15
83 54 58
83 33 84
83 47 97
83 86 48
83 84 13
83 50 25
83 4 99
83 75 93
83 93 100
83 72 58
83 35 14
84 30 33
84 97 46
84 51 72
84 15 2
84 14 86
84 72 38
84 3 78
84 69 29
84 41 36
84 68 89
84 34 47
84 37 7
84 42 52
84 89 48
84 31 65
84 56 50
84 52 41
84 13 39
84 33 34
84 40 76
84 39 76
84 10 28
84 22 5
84 62 80
84 44 78
84 48 61
84 64 72
84 8 100
84 65 21
84 5 26
84 27 77
84 78 23
84 85 31
84 95 93
84 88 60
84 53 86
84 67 51
84 23 66
84 24 42
84 26 56
84 20 72
84 74 98
84 81 6
84 61 46
84 29 4
84 49 52
84 93 47
84 90 83
84 25 92
84 17 6
85 6 92
85 97 21
85 69 35
85 13 97
85 15 15
85 79 73
85 93 13
85 8 37
85 12 22
85 72 96
85 83 46
85 80 46
85 23 87
85 66 28
85 25 7
85 65 10
85 40 86
85 41 21
85 42 83
85 37 26
85 98 96
85 52 56
85 87 35
85 78 65
85 17 50
85 26 17
85 60 45
85 32 3
85 58 97
85 70 98
85 95 20
85 21 65
85 96 4
85 76 95
85 2 64
85 39 65
85 3 81
85 74 4
85 35 55
85 49 55
85 73 27
85 94 46
85 29 15
85 89 94
85 19 82
85 90 1
85 86 80
85 34 18
85 1 2
85 55 15
85 48 72
85 54 12
85 67 93
85 9 75
85 18 63
85 53 97
86 10 36
86 96 48
86 66 32
86 53 15
86 76 42
86 57 2
86 61 12
86 51 73
86 64 96
86 0 12
86 43 97
86 5 31
86 32 27
86 13 25
86 24 57
86 3 85
86 15 76
86 85 60
86 97 34
86 98 42
86 63 53
86 14 31
86 23 81
86 70 38
86 11 85
86 7 9
86 33 88
86 94 14
86 58 40
86 49 87
86 87 58
86 9 9
86 20 21
86 2 71
86 69 34
86 40 86
86 37 60
86 48 79
86 27 77
86 60 85
86 78 60
86 31 50
86 82 77
86 29 68
86 42 12
87 16 41
87 71 63
87 48 21
87 90 15
87 94 94
87 85 17
87 79 31
87 98 89
87 95 9
87 10 62
87 35 67
87 12 64
87 82 37
87 47 11
87 14 1
87 9 50
87 26 82
87 37 5
87 88 38
87 49 80
87 27 54
87 28 27
87 5 100
87 17 76
87 70 41
87 29 90
87 42 90
87 31 60
87 66 84
87 57 25
87 80 22
87 45 1
87 97 25
87 40 22
87 15 91
87 63 81
87 46 20
87 65 89
87 73 46
87 58 2
87 77 53
87 75 43
87 54 78
87 96 61
87 21 56
87 38 80
87 76 19
87 30 37
87 60 92
87 39 56
87 33 41
88 30 92
88 80 88
88 81 62
88 22 76
88 18 44
88 67 45
88 99 66
88 53 61
88 47 79
88 69 100
88 31 7
88 36 70
88 79 30
88 26 58
88 50 66
88 38 90
88 84 57
88 34 54
88 77 42
88 44 76
88 6 3
88 4 27
88 37 40
88 68 30
88 92 21
88 15 46
88 57 91
88 2 57
88 96 9
88 71 41
88 65 89
88 62 16
88 89 89
88 14 29
88 25 5
88 46 45
88 33 85
88 87 47
88 54 45
88 58 10
88 59 25
88 70 3
88 48 86
88 60 78
88 20 26
88 45 27
88 76 98
88 7 17
88 17 13
88 61 78
89 36 11
89 72 30
89 75 38
89 95 46
89 26 60
89 20 71
89 27 67
89 40 55
89 48 39
89 74 19
89 84 91
89 62 62
89 42 24
89 41 43
89 18 16
89 1 4
89 96 54
89 82 9
89 0 24
89 97 82
89 38 66
89 39 34
89 69 11
89 77 42
89 33 38
89 15 18
89 60 28
89 88 72
89 13 89
89 87 28
89 29 92
89 35 38
89 54 64
89 37 3
89 17 47
89 66 63
89 5 47
89 93 59
89 19 60
89 61 86
89 76 40
89 58 16
89 46 74
89 64 65
89 3 99
89 56 83
89 65 67
89 70 37
89 73 76
89 45 64
89 98 13
89 79 13
89 12 44
89 51 38
89 59 2
90 97 39
90 95 13
90 48 49
90 54 100
90 2 20
90 62 97
90 36 68
90 99 85
90 26 73
90 43 56
90 23 66
90 28 10
90 31 9
90 14 96
90 92 76
90 94 70
90 45 53
90 29 8
90 6 39
90 51 82
90 79 59
90 98 84
90 52 64
90 1 3
90 38 12
90 21 94
90 77 56
90 37 85
90 73 96
90 55 47
90 82 64
90 87 77
90 88 26
90 32 12
90 35 82
90 10 60
90 11 83
90 60 40
90 33 83
90 4 49
90 89 63
90 63 47
90 64 96
90 20 9
90 81 75
90 74 29
90 58 69
90 17 40
90 53 70
90 15 95
90 71 47
90 78 66
90 18 80
90 93 23
90 30 29
90 24 6
91 62 36
91 35 44
91 47 16
91 15 27
91 75 38
91 58 89
91 48 55
91 74 32
91 54 63
91 95 55
91 17 22
91 65 64
91 32 76
91 16 86
91 18 53
91 41 14
91 38 89
91 86 27
91 0 73
91 42 1
91 28 63
91 81 15
91 43 44
91 27 15
91 4 91
91 82 57
91 79 15
91 72 34
91 98 84
91 84 61
91 33 74
91 92 70
91 93 40
91 14 48
91 73 25
91 69 68
91 1 68
91 31 70
91 88 74
91 97 6
91 13 95
91 77 5
91 26 35
91 51 45
91 70 20
91 53 92
91 83 15
91 23 43
91 96 15
91 39 9
91 85 70
91 71 19
91 36 76
91 45 45
91 55 91
91 6 38
91 24 70
92 94 38
92 36 76
92 84 40
92 19 16
92 51 4
92 69 84
92 64 14
92 45 41
92 4 34
92 18 45
92 59 90
92 0 78
92 30 68
92 95 42
92 73 17
92 74 81
92 53 1
92 2 60
92 5 42
92 13 58
92 38 56
92 79 31
92 50 50
92 32 82
92 65 75
92 71 12
92 11 14
92 42 76
92 87 59
92 48 73
92 3 17
92 55 63
92 40 99
92 98 68
92 9 19
92 26 100
92 78 42
92 77 91
92 17 74
92 34 100
92 16 94
92 63 55
92 99 78
92 57 67
92 25 18
92 20 18
92 88 20
93 83 6
93 81 79
93 78 81
93 77 39
93 64 19
93 73 8
93 69 6
93 59 1
93 94 5
93 19 64
93 42 65
93 33 55
93 32 86
93 63 90
93 54 28
93 18 89
93 24 44
93 6 66
93 43 21
93 37 13
93 53 60
93 12 21
93 74 23
93 2 81
93 80 36
93 55 27
93 86 30
93 84 43
93 58 84
93 9 87
93 35 41
93 71 60
93 76 36
93 21 33
93 26 69
93 17 72
93 8 21
93 88 56
93 51 11
93 87 7
93 41 38
93 92 30
93 79 93
93 38 24
93 49 27
93 62 96
93 90 75
93 95 48
94 92 30
94 82 86
94 39 2
94 31 59
94 54 37
94 38 54
94 85 36
94 9 57
94 2 44
94 6 36
94 0 27
94 99 62
94 15 86
94 70 31
94 23 88
94 14 8
94 95 71
94 69 93
94 51 48
94 68 28
94 40 33
94 13 15
94 91 11
94 56 51
94 88 60
94 81 82
94 47 79
94 10 48
94 26 77
94 61 9
94 52 41
94 59 89
94 4 22
94 7 20
94 32 80
94 42 49
94 46 85
94 96 60
94 76 32
94 11 51
94 71 92
94 8 14
94 73 51
94 35 76
94 17 45
95 79 97
95 84 36
95 43 27
95 22 7
95 29 60
95 98 38
95 5 94
95 1 11
95 42 9
95 56 66
95 37 85
95 87 49
95 53 79
95 18 36
95 13 96
95 50 27
95 55 19
95 54 6
95 76 3
95 58 11
95 14 53
95 35 8
95 8 35
95 74 11
95 89 31
95 67 70
95 26 68
95 92 72
95 28 53
95 17 59
95 39 40
95 20 60
95 0 50
95 7 37
95 62 76
95 65 2
95 9 12
95 78 34
95 32 76
95 40 1
95 93 38
95 48 57
95 61 75
95 82 24
95 71 37
96 81 59
96 75 2
96 43 78
96 11 11
96 65 69
96 47 57
96 69 73
96 8 97
96 40 41
96 0 74
96 83 26
96 30 31
96 93 7
96 89 98
96 46 87
96 92 45
96 17 89
96 85 47
96 53 88
96 49 39
96 39 33
96 52 32
96 98 43
96 80 79
96 63 63
96 48 6
96 51 60
96 97 13
96 31 42
96 42 15
96 23 56
96 14 12
96 99 50
96 45 71
96 25 6
96 87 47
96 35 40
96 62 37
96 1 86
96 94 54
96 29 14
97 79 3
97 63 40
97 13 27
97 6 77
97 82 18
97 29 17
97 3 88
97 95 14
97 89 51
97 9 15
97 44 75
97 57 86
97 64 92
97 24 94
97 35 92
97 66 96
97 77 45
97 12 37
97 11 39
97 62 38
97 10 72
97 56 32
97 18 8
97 46 3
97 51 98
97 76 66
97 53 4
97 58 55
97 38 68
97 61 21
97 14 94
97 78 81
97 87 86
97 45 33
97 27 44
97 74 56
97 60 35
97 7 34
97 32 23
97 88 39
97 42 70
97 49 94
98 7 1
98 68 33
98 50 64
98 33 47
98 40 81
98 99 53
98 5 7
98 66 55
98 44 98
98 52 66
98 2 31
98 31 24
98 61 36
98 17 61
98 39 21
98 97 50
98 90 27
98 55 35
98 35 15
98 19 15
98 47 77
98 80 29
98 73 22
98 21 12
98 79 59
98 95 92
98 92 92
98 45 12
98 86 20
98 54 43
98 38 34
98 63 61
98 24 48
98 1 25
98 91 38
98 70 69
98 20 98
98 60 42
98 0 1
98 49 52
98 62 97
98 9 78
98 6 58
98 22 70
98 34 39
98 75 26
98 4 93
98 51 3
99 45 87
99 39 47
99 50 77
99 8 53
99 37 23
99 10 31
99 90 54
99 31 96
99 42 100
99 70 52
99 64 7
99 65 52
99 19 57
99 96 48
99 84 47
99 52 17
99 44 97
99 1 7
99 11 81
99 27 30
99 17 48
99 28 97
99 51 88
99 81 12
99 47 44
99 53 36
99 68 36
99 85 8
99 83 85
99 40 9
99 20 98
99 74 100
99 94 4
99 67 70
99 54 4
99 36 59
99 26 82
99 82 39
99 57 43
99 79 34
99 98 56
99 91 32
99 15 32
99 23 65
99 32 93
99 34 69
99 38 72
99 35 43
99 71 72
99 6 60
99 33 55
99 24 47
99 58 83
99 22 87
99 88 64
99 4 5
99 89 6
99 2 62
99 29 16
0
