1000 4000
0 1 42
0 3 49
0 5 4
0 65 98
0 208 3
0 245 48
0 262 58
0 330 91
0 468 11
0 43 50
0 517 70
0 798 35
1 2 77
1 18 42
1 32 55
1 66 14
1 74 35
1 327 74
1 638 7
1 916 37
1 899 27
1 204 58
1 172 92
1 142 41
2 11 7
2 219 71
2 374 62
2 674 88
2 877 86
2 51 37
3 4 1
3 44 2
3 132 84
3 144 5
3 163 83
3 206 24
3 861 15
3 329 81
3 566 77
3 528 67
3 212 72
4 6 84
4 8 18
4 9 68
4 12 49
4 102 87
4 608 88
4 69 57
4 716 10
4 965 13
5 7 74
5 20 2
5 61 48
5 474 21
5 356 26
5 552 29
6 13 88
6 40 51
6 58 11
6 81 27
6 509 27
6 577 37
6 987 63
6 500 11
6 980 22
7 29 25
7 197 51
7 267 48
7 937 52
8 33 32
8 36 82
8 240 1
8 723 39
8 183 48
8 270 19
8 301 12
8 212 75
9 10 33
9 21 41
9 183 12
9 455 19
9 782 57
9 818 87
10 72 23
10 135 33
10 655 87
10 880 48
10 811 78
10 254 69
10 308 14
10 681 92
10 325 13
10 15 74
10 998 37
11 37 99
11 47 16
11 48 20
11 59 36
11 205 15
11 213 4
11 253 56
11 287 89
11 289 12
11 963 5
11 795 67
11 601 32
11 220 51
12 15 95
12 201 92
12 230 62
12 462 52
12 277 60
12 70 47
12 658 80
12 308 16
12 597 99
13 14 36
13 16 56
13 19 34
13 22 47
13 156 69
13 529 83
13 658 17
13 805 59
13 994 85
13 53 64
13 819 63
13 971 21
14 24 44
14 80 22
14 110 18
14 500 30
14 572 20
14 701 65
14 152 58
14 948 43
14 887 37
15 17 53
15 23 97
15 133 9
15 282 48
15 72 80
15 147 44
16 71 26
16 95 16
16 159 61
16 209 89
16 370 60
16 93 59
16 994 32
16 134 26
17 25 4
17 146 92
17 150 55
17 312 89
17 993 52
17 839 16
17 209 67
17 524 100
18 26 58
18 39 7
18 49 24
18 79 94
18 108 26
18 399 34
18 860 70
18 355 13
18 757 66
18 321 29
19 530 51
19 308 30
19 943 28
19 909 44
19 569 18
20 58 29
20 57 91
20 981 32
21 77 82
21 92 48
21 126 63
21 127 4
21 220 38
21 228 76
21 543 1
21 823 22
21 657 55
21 675 57
22 43 30
22 94 40
22 365 96
22 490 64
22 792 69
22 224 26
22 589 13
23 34 34
23 684 84
23 455 35
23 463 93
24 28 41
24 57 4
24 111 20
24 429 43
24 503 2
24 523 96
24 55 11
24 759 41
24 697 27
24 969 60
25 27 40
25 30 65
25 31 78
25 35 49
25 54 18
25 332 9
25 433 51
25 595 89
25 850 89
25 869 48
25 873 20
25 823 33
25 889 10
25 936 98
26 38 44
26 122 32
26 145 66
26 179 36
26 753 17
26 422 13
26 421 88
27 46 21
27 51 62
27 459 88
27 881 78
27 661 86
27 4 74
27 72 48
27 155 22
27 631 22
28 768 48
28 875 21
28 97 85
28 116 52
29 83 95
29 85 56
29 98 65
29 344 12
30 53 40
30 355 45
30 357 12
30 414 52
30 827 69
30 4 9
30 3 92
30 588 93
31 166 19
31 976 66
31 525 81
31 583 63
31 754 83
32 564 74
32 15 22
32 432 89
33 93 66
33 23 53
33 502 38
33 960 2
33 765 10
34 101 7
34 178 62
34 527 8
34 960 8
34 345 5
34 54 24
35 181 33
35 406 60
35 890 26
35 925 61
35 914 14
35 741 84
35 670 58
36 113 99
36 371 56
36 659 82
36 725 98
37 141 35
37 204 16
37 257 2
37 281 47
37 366 9
37 894 16
37 105 41
38 42 78
38 194 15
38 250 2
38 309 27
38 193 86
38 32 41
39 56 9
39 104 84
39 174 98
39 285 73
40 41 43
40 198 73
40 478 41
40 565 83
40 244 66
40 863 58
40 252 38
41 99 33
41 191 67
41 706 50
41 157 48
42 396 28
42 241 90
42 761 66
42 287 89
43 107 95
43 130 10
43 309 36
43 441 49
43 360 46
44 45 87
44 52 85
44 86 90
44 91 82
44 490 42
44 279 74
44 326 37
45 60 13
45 73 57
45 623 91
45 397 2
45 430 63
46 100 97
46 260 91
46 304 86
46 350 18
46 515 65
46 525 47
46 872 5
46 370 41
46 162 16
46 780 86
47 105 37
47 567 46
47 587 30
47 130 70
47 334 23
47 695 45
47 963 84
47 870 10
48 50 58
48 55 41
48 221 48
48 0 28
48 236 35
48 371 40
48 465 76
48 868 40
49 64 8
49 88 97
49 128 72
49 137 5
49 235 41
49 308 70
49 846 15
49 545 77
50 121 98
50 241 94
50 927 71
50 976 50
50 711 48
50 638 92
50 790 24
50 393 90
51 450 11
51 451 60
51 491 98
51 624 97
51 1 18
51 103 66
51 23 77
51 312 63
52 63 33
52 76 34
52 188 72
52 449 30
52 183 19
52 36 25
52 318 79
53 157 69
53 199 23
53 514 98
53 624 76
53 416 86
53 322 90
53 395 68
54 78 10
54 103 33
54 203 22
54 444 6
54 59 26
54 894 19
55 161 58
55 747 75
56 479 44
56 982 35
56 954 25
57 75 18
57 119 57
57 702 47
57 821 58
57 80 23
57 3 95
57 956 20
57 732 30
58 62 65
58 139 42
58 142 43
58 143 40
58 207 23
58 675 45
58 972 49
58 177 36
58 454 100
58 904 67
58 936 57
59 90 71
59 358 74
59 390 53
59 449 93
59 563 18
60 67 76
60 192 31
60 278 61
60 511 1
60 532 10
60 929 2
60 128 56
60 255 79
61 69 92
61 84 44
61 712 39
61 488 1
61 98 64
61 654 27
62 227 83
62 558 81
62 21 3
62 475 78
62 221 13
62 432 70
62 160 45
62 195 22
62 177 6
62 634 54
63 70 72
63 61 58
63 231 54
63 977 10
64 186 23
64 782 57
64 320 24
65 153 86
65 169 69
65 787 56
65 838 83
65 46 37
65 867 66
66 68 51
66 540 67
66 433 79
67 82 33
67 155 55
67 290 56
67 321 14
67 225 4
67 945 1
67 442 28
67 258 47
68 89 7
68 114 79
68 187 17
68 628 71
68 695 80
68 980 83
68 488 37
69 361 23
69 670 22
69 397 67
70 231 54
70 305 63
70 312 56
70 428 70
70 788 66
71 152 33
71 298 10
71 563 2
71 206 71
72 271 49
72 328 17
72 382 73
72 683 88
72 289 74
73 149 66
73 223 8
73 517 70
73 995 29
73 330 99
73 451 96
73 805 61
73 661 37
73 381 34
74 550 64
74 989 59
74 921 27
75 87 94
75 687 61
75 842 80
75 757 69
75 257 70
76 197 24
76 51 95
76 435 8
76 791 78
77 343 85
77 976 66
77 60 80
77 477 93
77 262 41
78 176 41
78 401 46
78 979 80
78 927 58
78 748 26
79 236 53
79 593 33
79 764 11
79 838 70
79 561 59
79 425 13
80 238 87
80 873 41
80 746 95
80 94 26
81 226 84
81 438 27
81 833 48
81 776 83
81 154 31
81 683 15
82 124 83
82 164 31
82 91 36
82 689 73
83 106 60
83 314 19
83 341 72
83 823 70
84 136 92
84 251 3
84 186 93
85 96 72
85 123 38
85 181 20
85 517 44
85 502 53
85 103 51
85 790 4
86 125 96
86 461 82
86 709 74
86 749 85
86 74 29
87 117 80
87 319 27
88 97 97
88 151 23
88 438 93
88 48 16
88 30 12
88 775 74
89 662 82
90 340 65
90 730 38
90 77 54
90 560 70
90 296 12
91 112 58
91 686 54
91 662 85
91 643 85
91 128 4
91 329 8
92 154 34
92 158 89
92 375 82
92 479 70
93 116 63
93 118 11
93 347 21
93 470 57
93 598 45
93 106 52
94 307 10
94 678 78
94 553 93
94 960 9
94 342 89
95 670 54
95 663 51
95 3 42
95 88 76
95 988 56
96 182 30
96 519 29
96 610 56
96 621 49
96 972 23
97 115 95
97 129 88
97 185 91
97 212 15
97 493 17
97 721 11
97 911 35
97 366 80
97 335 26
97 98 38
98 138 78
98 170 80
98 218 16
98 222 12
98 635 66
98 680 79
98 139 94
98 667 21
98 868 30
98 577 96
99 134 32
99 255 55
99 268 56
99 423 71
99 46 79
100 744 95
100 523 99
101 147 57
101 936 2
101 689 70
101 428 42
101 875 90
102 369 6
102 939 46
102 255 21
102 133 11
102 523 71
102 98 43
102 577 24
102 158 73
102 330 43
102 740 90
102 210 70
103 244 24
103 270 38
103 738 87
103 415 15
103 388 38
103 767 87
103 784 22
103 197 30
104 770 20
105 666 32
105 388 84
105 830 54
106 990 2
106 601 80
107 253 56
107 978 50
108 109 10
108 172 76
108 338 18
108 555 59
108 611 99
108 566 45
108 436 4
108 779 10
108 584 54
109 386 53
109 480 93
109 139 100
109 228 84
109 562 15
109 636 12
109 768 89
110 254 86
110 220 27
110 546 80
110 173 45
111 0 10
111 209 70
111 715 78
111 184 15
112 250 10
112 334 91
112 420 92
112 651 9
112 505 14
112 214 47
113 753 71
113 626 1
113 797 79
113 945 88
114 612 65
114 876 91
114 391 5
115 120 100
115 180 88
115 261 37
115 804 31
115 420 60
115 646 97
115 634 69
115 736 77
116 381 83
116 633 94
116 351 83
116 776 27
117 243 97
117 981 69
117 208 94
117 904 5
117 434 9
117 266 90
118 211 56
118 617 12
118 208 18
119 573 12
119 471 65
119 937 96
119 571 25
121 131 46
121 148 65
121 288 17
121 543 61
121 364 75
121 911 13
121 725 52
121 251 74
121 168 8
122 692 4
122 880 55
122 807 14
122 23 61
122 114 77
122 135 69
123 177 75
123 217 92
123 11 28
123 280 38
124 891 26
124 589 31
125 455 89
125 370 50
126 103 86
127 606 67
127 623 2
128 168 66
128 421 39
128 538 92
128 873 74
128 240 41
128 223 68
128 674 75
129 513 5
129 596 1
129 656 95
129 789 11
129 119 42
129 845 59
129 412 2
129 221 39
130 214 81
130 229 97
130 642 81
130 478 78
130 575 32
130 659 12
130 780 82
131 375 90
131 410 68
131 876 9
132 200 66
132 727 22
132 915 26
132 381 75
132 183 33
132 859 78
133 210 50
133 553 51
133 669 65
133 87 56
133 103 21
133 188 86
133 388 8
134 348 92
134 649 96
134 663 17
134 954 19
134 615 77
134 108 14
134 695 50
134 763 29
134 125 37
135 173 66
135 319 93
135 682 99
135 856 74
135 33 76
135 893 53
135 919 64
135 224 62
136 313 23
136 860 3
136 864 98
136 883 60
136 471 93
136 696 90
137 167 59
137 256 12
137 265 99
137 755 93
137 28 84
137 858 66
137 7 35
137 276 45
137 835 4
137 812 17
138 502 28
138 414 23
138 310 60
139 140 65
139 415 70
139 576 79
139 16 18
140 196 64
140 336 7
140 322 55
140 295 70
140 559 99
140 940 82
140 931 25
141 162 14
141 225 38
141 432 91
141 636 22
141 331 58
141 366 78
141 142 16
141 767 50
141 380 73
142 216 87
142 339 61
142 389 61
142 766 75
143 310 12
143 343 1
143 729 41
143 673 56
143 340 67
144 590 59
144 732 56
144 304 57
144 34 68
144 47 18
144 930 17
144 131 18
145 171 75
145 193 14
145 832 16
145 957 21
145 794 62
145 828 78
145 190 16
145 977 94
145 19 13
146 248 64
146 884 55
147 202 72
147 505 87
147 472 63
147 820 26
147 225 84
147 124 99
148 844 29
149 229 7
150 249 49
150 323 48
150 731 33
150 474 32
150 103 48
150 493 14
150 877 29
150 801 89
150 860 79
150 666 6
150 678 57
150 303 73
151 190 58
151 306 50
151 407 28
151 746 82
151 740 79
151 887 2
152 215 86
152 427 52
152 662 29
152 984 51
152 463 61
152 910 78
152 366 12
153 175 8
153 184 70
153 259 12
153 560 29
153 147 15
153 996 3
153 541 22
153 650 39
154 160 80
154 295 11
154 718 51
154 88 44
154 542 72
155 424 23
155 605 41
155 401 42
156 907 84
156 970 15
156 568 35
157 963 45
157 807 87
157 890 56
157 994 12
157 428 90
157 775 54
157 206 51
157 938 28
157 41 30
158 630 66
158 233 69
158 188 100
159 378 72
159 395 69
159 644 8
159 938 51
159 422 81
160 301 16
160 546 43
160 435 99
161 363 24
161 465 35
161 955 86
161 30 27
161 622 90
161 705 26
162 425 30
162 690 75
162 176 24
162 250 83
163 325 56
163 933 46
163 634 13
163 576 36
163 67 2
164 165 77
164 234 18
164 232 94
164 305 60
165 195 85
165 263 13
165 599 29
165 685 77
165 834 72
165 424 83
165 900 75
165 349 51
165 993 67
166 189 29
166 697 20
167 626 33
167 408 18
167 365 33
167 63 90
167 26 78
168 456 38
168 308 5
168 397 90
169 367 38
169 449 61
170 400 6
170 678 82
171 300 66
171 316 66
171 430 7
171 586 51
171 6 82
171 560 9
172 412 20
172 603 13
172 67 22
172 295 95
173 488 5
173 909 20
173 45 70
173 638 65
174 240 4
174 626 46
174 574 48
174 824 56
174 603 76
174 646 14
175 335 53
175 584 76
175 604 9
175 675 100
175 185 75
175 164 12
176 387 17
176 632 66
176 179 19
176 429 13
176 565 53
176 50 67
176 846 82
177 224 8
177 204 35
178 521 70
178 997 52
178 93 51
179 962 14
179 608 2
179 913 33
179 307 12
180 436 11
180 841 56
180 179 83
180 48 48
181 639 71
181 790 44
181 583 65
181 407 59
181 533 11
181 382 11
181 392 52
182 473 8
182 875 94
182 970 94
182 11 95
183 291 59
183 589 2
183 277 69
183 723 96
184 409 57
184 434 58
184 159 41
184 114 79
184 61 91
184 753 1
184 254 42
184 546 69
185 224 31
185 284 59
185 366 30
185 601 25
185 459 97
185 219 76
185 529 49
185 657 53
186 437 51
186 167 3
186 93 21
186 817 37
186 701 58
187 320 35
187 329 64
187 499 83
187 973 80
187 271 53
187 361 94
187 752 24
187 564 35
188 554 37
188 557 75
188 323 88
188 369 19
188 694 51
188 656 83
188 657 33
189 464 30
190 359 1
190 583 12
190 899 74
190 985 60
190 365 45
190 558 17
190 568 67
190 790 10
190 619 68
190 889 72
190 512 52
191 353 1
191 559 85
191 757 47
191 30 24
191 859 8
192 654 78
193 720 92
193 651 34
193 603 98
193 176 39
193 913 45
193 233 98
194 294 2
194 806 88
194 158 85
194 770 100
194 999 98
195 426 81
195 848 53
196 233 71
196 698 84
196 849 95
197 242 3
197 524 82
197 904 87
197 716 1
198 273 78
198 453 13
198 540 73
198 668 6
198 821 78
199 352 70
199 860 60
199 209 93
199 127 68
199 55 24
199 231 30
200 232 97
200 654 90
200 12 52
201 258 48
201 9 37
201 470 23
202 239 13
202 496 44
202 983 17
202 250 93
203 38 76
203 205 18
203 984 27
203 410 69
204 264 79
204 780 47
204 761 94
204 591 54
205 753 72
205 921 29
205 264 65
206 404 29
206 107 77
206 541 53
206 3 65
207 272 21
207 699 16
207 762 5
207 999 38
207 607 68
208 17 46
208 437 48
208 37 43
208 331 98
208 923 58
208 791 30
208 710 63
209 246 36
209 315 79
209 987 94
209 311 88
209 461 68
210 981 57
210 602 63
210 586 54
210 537 3
211 384 76
211 410 9
211 965 44
212 660 7
212 671 14
212 226 48
212 146 54
213 788 36
213 744 71
213 189 53
213 809 33
214 269 71
214 351 10
214 838 47
214 955 28
214 540 65
214 361 31
214 304 61
214 101 57
214 107 10
214 228 74
214 326 26
215 413 68
215 579 52
216 648 94
216 27 51
216 251 100
217 551 49
217 731 60
217 984 39
218 364 11
218 640 79
218 820 92
218 897 51
218 99 88
218 65 18
218 993 56
219 283 24
219 514 55
219 834 62
219 365 99
219 474 49
220 75 22
220 163 35
220 487 86
221 237 76
221 276 72
221 732 53
221 277 92
221 928 50
221 949 71
222 416 5
222 303 85
222 431 11
222 653 4
222 706 45
222 202 47
222 307 16
223 539 85
223 548 21
223 967 9
223 104 22
223 208 10
223 336 29
224 489 37
224 255 56
224 755 78
224 251 48
225 367 7
225 486 82
225 823 85
225 570 59
225 275 79
226 492 91
226 561 40
226 0 72
227 854 57
227 941 72
227 391 1
227 715 98
227 528 36
228 431 57
228 328 27
228 580 7
228 31 78
229 418 25
229 587 68
229 738 69
229 281 91
230 318 7
230 721 73
230 921 17
230 345 87
230 130 60
230 177 21
230 987 10
231 252 89
231 349 31
231 825 14
231 494 66
231 345 37
231 875 52
232 286 49
232 912 90
232 922 55
232 873 5
233 303 38
233 591 3
233 542 3
233 722 32
233 257 3
233 482 87
234 643 18
234 989 72
234 586 1
235 274 2
235 302 63
235 337 22
235 606 41
235 695 93
236 299 47
236 81 78
236 500 66
236 448 85
236 125 17
236 438 5
237 361 14
237 494 77
237 574 66
237 654 39
237 839 99
237 889 76
238 127 19
238 274 24
238 446 32
238 734 2
238 33 48
238 856 41
239 707 90
239 606 48
239 180 8
239 106 66
240 266 6
240 908 19
240 995 12
240 992 53
240 199 42
241 247 43
241 760 29
242 394 26
242 633 77
242 851 99
242 350 93
242 630 78
243 248 96
244 284 53
244 702 24
245 747 93
245 781 56
245 807 48
245 639 16
246 354 9
246 588 54
246 190 85
246 979 30
247 536 62
247 851 68
247 937 72
247 222 25
248 280 79
248 324 6
248 345 67
248 977 82
248 295 59
248 384 41
248 730 41
249 523 48
249 139 43
249 590 35
249 750 77
250 568 1
250 361 41
250 416 7
250 366 9
250 23 64
251 761 34
251 624 63
251 643 1
251 604 42
251 218 87
252 445 81
252 402 87
252 260 68
252 684 74
253 816 21
253 305 43
253 883 4
253 211 23
254 812 38
254 530 48
255 920 96
255 642 25
255 403 17
256 139 2
256 234 56
257 582 10
257 492 63
257 392 14
257 880 17
257 901 24
257 705 1
258 326 17
258 377 74
258 645 12
258 121 52
259 571 32
259 172 56
259 418 60
259 938 36
260 714 39
260 936 65
260 162 56
260 481 56
260 550 32
260 398 23
260 343 53
261 896 71
262 70 91
262 547 40
263 393 19
263 878 43
263 909 49
264 835 63
264 319 49
265 843 35
265 712 42
265 638 66
265 240 45
265 407 86
265 787 20
265 789 97
265 6 45
265 150 24
265 555 74
265 289 92
265 72 81
266 277 82
267 292 74
267 383 60
267 722 47
268 994 44
268 940 44
268 688 55
268 282 28
268 663 72
269 535 6
269 693 32
269 752 29
269 870 3
269 45 40
270 275 30
270 279 88
270 17 68
270 806 22
270 436 53
270 642 86
270 597 66
271 296 41
271 638 96
271 57 91
271 90 94
272 810 24
272 407 62
272 484 48
273 902 83
273 79 99
273 365 55
273 499 98
274 73 10
274 857 71
274 178 96
275 482 30
275 507 10
275 353 55
275 684 75
276 442 43
276 250 68
276 892 41
276 773 11
276 18 87
277 422 65
277 548 83
277 464 15
277 214 93
278 17 73
278 289 73
278 102 73
278 312 95
278 860 66
278 995 35
279 883 52
280 549 79
281 495 7
281 967 44
281 866 58
281 5 1
282 309 19
282 633 43
282 806 18
282 985 14
282 592 58
282 833 52
282 387 94
283 296 1
283 322 45
283 661 92
283 753 66
283 600 54
283 961 92
283 677 74
284 385 74
284 512 45
284 646 36
284 178 5
285 862 8
285 890 49
285 553 35
285 300 18
286 293 24
286 840 95
286 432 99
287 356 83
287 794 11
287 275 28
287 625 3
288 756 59
288 750 63
288 868 28
288 223 91
288 710 37
288 46 73
289 439 24
289 367 100
289 708 56
290 335 8
290 595 91
290 599 10
291 368 18
291 516 9
291 231 74
291 415 36
292 297 48
292 791 48
292 812 7
293 563 78
294 331 3
294 583 74
295 541 40
295 991 1
296 867 78
296 14 34
296 304 7
296 399 96
296 265 6
296 207 91
297 413 92
297 869 1
298 710 5
298 597 26
298 699 8
298 813 50
299 962 33
299 53 48
299 950 67
299 594 26
300 317 10
300 227 59
301 419 71
301 485 34
301 641 69
301 309 57
302 498 87
302 114 60
302 805 38
302 465 88
303 311 52
303 372 41
303 911 24
303 469 9
303 841 10
303 930 2
303 491 93
303 221 17
303 352 97
304 388 33
304 441 5
304 745 7
304 105 44
305 688 49
305 998 99
305 43 58
305 166 85
305 749 24
305 791 39
306 541 70
306 937 34
306 243 86
306 140 26
306 521 2
306 324 18
307 454 88
307 518 81
307 719 74
307 44 7
307 480 97
308 315 62
308 818 100
308 882 30
308 920 67
308 996 19
308 16 17
308 131 43
309 790 70
309 76 27
309 566 34
311 657 21
312 342 42
312 360 23
312 514 67
312 969 27
312 391 68
312 946 28
313 418 42
314 75 26
314 54 40
314 452 73
315 273 99
315 342 6
316 877 24
316 557 86
316 101 82
316 503 20
317 435 43
317 468 38
317 229 27
317 563 12
317 580 63
317 253 40
318 506 28
318 634 7
318 748 92
318 200 85
318 65 40
319 392 93
319 467 34
320 552 33
320 762 65
321 727 91
323 333 52
323 775 86
323 891 91
323 96 29
323 433 7
324 819 40
325 837 21
325 752 98
325 936 6
325 450 87
325 682 30
326 199 17
326 491 28
327 878 60
327 978 69
327 483 32
327 805 83
328 736 35
328 461 71
328 729 87
328 567 42
328 716 56
328 798 76
328 769 71
329 384 74
329 717 70
329 155 82
329 263 35
329 292 32
330 800 48
330 988 99
330 335 97
331 582 73
331 993 20
331 446 73
331 2 23
331 277 28
331 806 62
332 952 57
332 926 18
332 109 20
333 346 67
333 870 84
333 233 60
333 822 77
334 376 12
334 770 4
335 547 2
335 878 44
335 471 66
336 362 12
336 316 25
336 650 91
336 550 96
336 815 92
336 223 65
337 635 91
337 630 37
338 562 13
338 410 74
338 950 7
338 511 86
339 403 79
339 241 28
339 572 48
340 615 71
340 242 1
341 448 77
341 469 18
341 501 97
341 746 45
341 557 42
341 769 77
341 651 65
342 578 59
342 579 97
342 548 82
342 534 88
343 671 7
343 626 51
343 629 41
344 520 79
344 747 97
344 198 70
344 938 7
344 307 70
344 851 30
345 974 28
346 754 31
346 92 49
346 574 7
346 213 72
347 625 31
347 517 9
347 476 61
348 373 2
348 524 19
348 228 44
348 478 92
348 647 6
349 458 50
349 467 23
349 797 24
349 770 56
350 405 24
350 337 55
350 637 13
350 129 50
351 484 88
351 734 84
351 333 29
351 211 52
351 977 55
351 166 52
351 65 94
352 903 17
352 465 3
352 873 8
353 510 75
354 893 45
354 704 71
354 512 9
354 557 95
355 577 96
355 80 35
355 539 57
355 641 95
356 549 2
356 197 37
356 667 7
356 980 25
356 644 45
356 992 96
357 380 38
357 466 11
357 497 49
357 944 37
357 73 79
357 555 11
357 124 32
357 282 37
357 939 64
358 446 40
358 112 21
359 460 23
360 457 57
360 242 82
360 895 92
360 392 25
360 102 23
361 605 68
361 818 9
362 497 96
362 971 52
362 707 30
362 933 68
362 881 29
363 182 77
363 596 64
364 379 42
364 831 22
364 435 88
364 461 60
364 922 41
364 414 100
365 649 52
365 73 54
365 557 37
365 752 83
367 463 80
367 522 45
367 665 17
367 924 43
368 442 63
369 877 38
369 739 71
369 181 80
370 711 47
370 15 5
370 265 20
370 488 54
370 53 31
372 917 61
372 771 53
372 254 2
372 728 36
372 237 2
373 440 2
373 759 69
373 955 2
373 138 3
374 447 4
374 609 73
374 511 93
374 516 47
374 463 91
375 391 12
375 803 46
375 236 15
375 518 22
376 674 39
376 264 78
376 521 69
377 704 54
377 586 93
377 629 11
378 591 46
378 770 60
378 522 78
378 806 32
379 782 73
379 344 61
379 49 27
379 845 75
379 323 19
379 796 31
379 45 17
379 152 16
379 833 43
379 163 37
380 975 84
380 799 31
380 116 37
380 937 70
380 94 68
381 417 55
381 667 92
381 70 71
382 82 75
382 497 72
382 703 62
383 542 29
383 11 64
383 709 95
383 703 60
384 629 78
384 180 49
384 944 1
384 991 34
384 875 95
385 725 22
385 377 90
385 874 82
385 591 29
385 664 98
385 632 76
385 733 80
386 145 100
386 826 33
386 624 76
386 143 84
387 892 80
387 955 21
387 816 5
388 476 90
388 223 9
389 299 100
390 935 5
390 951 9
390 220 7
390 645 84
390 412 60
390 915 79
391 411 31
391 849 74
391 361 33
391 60 11
392 443 42
392 845 4
392 19 20
392 51 21
392 304 21
393 574 51
393 581 97
393 186 77
393 426 51
393 412 24
394 397 93
394 728 18
394 811 16
394 911 45
394 403 98
394 20 38
395 508 93
395 64 41
395 368 82
395 649 49
395 749 36
396 398 10
396 402 72
396 533 92
396 696 51
396 299 13
396 482 97
396 188 22
397 526 10
397 250 6
397 74 1
397 732 98
398 452 65
398 930 78
398 316 40
398 624 35
399 171 52
400 717 26
400 896 23
400 535 14
400 599 5
400 25 97
401 408 94
401 472 73
401 194 43
401 172 72
401 135 2
402 544 63
402 705 59
402 784 50
402 622 94
402 605 87
402 320 79
402 242 6
402 984 72
402 748 69
403 708 20
403 463 1
403 701 68
403 174 89
403 444 93
404 661 43
405 673 26
405 193 13
405 136 45
405 457 10
406 802 39
406 926 12
406 983 88
406 397 29
406 437 82
406 409 38
406 188 42
407 679 75
407 546 90
407 802 26
408 483 84
408 492 19
409 287 52
409 420 20
410 304 74
410 581 32
410 128 73
410 313 60
410 135 1
411 202 10
411 546 17
412 151 58
413 473 69
413 584 95
413 590 71
413 418 62
413 937 70
414 290 98
414 265 100
414 601 38
414 594 28
414 578 71
414 295 86
415 703 72
415 37 73
415 975 62
415 172 97
415 160 22
415 210 25
416 672 33
416 859 25
416 602 79
416 209 24
416 400 27
416 657 71
417 528 63
417 921 96
417 811 15
417 610 3
417 389 2
418 176 80
418 80 84
418 102 68
418 198 6
419 21 95
419 4 44
419 981 70
419 408 1
419 462 87
420 223 6
420 326 36
420 30 58
420 754 13
420 561 43
421 319 21
421 770 55
421 999 61
422 998 14
423 570 66
423 690 27
423 673 56
423 938 34
423 108 80
423 329 10
423 445 10
424 502 9
424 46 100
424 907 93
425 817 15
425 826 96
425 886 31
425 386 58
426 722 45
426 307 14
427 135 26
427 85 50
428 82 52
428 766 64
428 572 73
429 700 63
429 835 26
429 853 62
430 991 72
430 131 78
430 420 61
431 566 87
431 652 47
431 897 63
432 400 44
432 137 66
432 783 90
433 585 40
433 604 39
433 168 8
433 92 57
433 508 13
433 743 55
433 834 62
434 4 31
435 508 98
435 491 34
435 123 58
435 261 65
436 502 62
436 707 5
436 306 31
436 621 16
436 135 1
436 438 78
437 923 12
437 958 5
437 70 45
438 531 71
438 464 54
438 703 57
438 323 35
439 239 40
439 974 33
439 272 2
439 338 50
440 475 54
440 857 52
440 198 24
440 585 43
440 439 25
441 602 90
441 101 89
441 739 65
441 504 82
442 167 59
442 459 73
442 191 19
442 452 19
443 653 9
444 729 16
444 849 2
445 947 91
445 741 17
445 643 82
445 776 95
445 308 1
445 987 96
445 435 13
447 613 28
447 334 22
447 634 89
447 759 90
447 471 47
447 768 59
448 667 50
448 876 55
449 534 62
449 664 64
449 194 1
450 677 59
450 429 29
450 680 59
451 716 56
451 80 15
451 69 94
451 20 12
451 507 84
452 653 68
452 104 4
452 241 95
452 3 44
454 575 29
454 40 18
454 273 55
454 767 69
454 768 9
454 116 42
455 487 80
455 597 15
455 979 53
456 132 8
456 668 49
457 803 24
457 835 12
457 157 98
457 610 99
457 563 76
457 345 67
458 607 58
458 508 33
458 465 40
458 899 54
458 10 38
458 273 41
458 56 86
459 68 8
459 967 6
459 426 55
459 0 17
459 630 53
459 884 82
460 27 49
460 478 60
461 471 41
461 59 95
461 475 98
462 587 99
463 943 64
464 482 45
464 726 25
464 775 52
464 272 26
464 245 76
465 875 7
465 262 40
465 163 52
466 746 27
467 58 82
468 314 88
468 52 51
468 150 67
468 311 51
469 545 49
470 477 7
470 678 46
470 928 6
470 204 34
470 687 24
470 41 25
470 430 62
470 126 77
470 871 81
471 982 44
471 208 8
471 90 80
472 90 4
473 594 60
473 855 58
473 747 100
473 479 19
474 619 89
474 684 93
474 92 59
475 405 40
475 481 85
475 209 46
476 481 24
476 496 46
476 269 25
476 617 39
476 887 65
477 619 17
477 952 52
478 232 46
478 177 26
478 646 36
478 712 77
479 590 7
479 613 98
479 114 54
479 195 40
480 644 19
481 620 22
481 999 20
481 604 82
482 883 79
482 140 100
482 514 1
482 292 69
482 707 22
483 783 35
483 242 100
483 905 10
483 20 50
483 850 30
484 672 47
484 478 11
484 326 20
484 800 98
485 326 22
485 314 18
485 854 1
485 512 77
485 999 56
485 196 75
485 674 47
485 121 58
485 884 58
486 460 2
486 12 20
486 83 21
487 736 47
487 427 89
487 55 77
487 869 66
488 637 21
488 333 91
488 215 52
488 546 10
488 974 35
489 951 26
489 192 38
489 968 9
489 28 57
490 626 69
490 979 32
490 453 96
490 569 55
491 7 92
491 250 41
491 935 93
491 556 61
491 950 2
491 156 97
491 395 90
492 680 93
492 470 40
492 547 53
493 381 30
493 759 35
494 312 86
494 731 79
494 504 6
494 660 57
494 711 31
494 339 42
494 59 43
495 874 88
495 280 86
495 198 27
496 507 39
496 22 72
497 186 59
497 817 71
498 647 36
498 429 27
498 325 40
498 274 95
499 43 65
499 366 80
501 507 26
501 769 17
502 517 75
502 122 72
502 263 16
503 504 51
503 937 16
503 702 96
504 742 77
504 394 13
505 184 70
505 441 4
505 631 64
505 616 8
506 889 22
506 675 10
507 830 68
507 328 34
507 411 34
507 862 39
507 113 73
508 366 24
508 89 95
508 210 49
508 268 89
508 145 13
508 765 13
508 172 29
508 993 45
508 321 41
509 847 25
509 931 16
510 314 62
511 767 52
511 774 43
511 520 77
511 411 39
512 537 35
512 538 35
512 579 62
512 895 65
512 153 38
512 767 55
513 144 98
513 558 31
513 843 50
514 786 49
514 335 63
514 52 8
515 929 65
516 161 16
516 712 63
517 842 59
517 810 21
517 549 98
517 979 67
517 269 71
517 866 86
518 100 44
518 716 5
518 437 5
518 416 36
519 924 45
519 607 73
519 505 27
519 155 18
519 264 13
519 675 75
520 796 12
520 959 3
520 999 37
521 737 77
521 465 98
521 401 54
521 1 45
522 447 35
522 876 35
523 929 24
523 95 43
523 678 56
524 710 51
524 462 66
524 658 53
524 453 53
524 298 34
525 485 65
525 920 55
525 680 13
526 715 26
526 92 16
526 67 46
526 198 7
527 739 66
527 825 51
527 283 88
527 710 80
528 444 94
529 940 67
529 410 7
530 895 100
531 871 85
531 966 81
531 381 67
531 187 30
532 156 80
532 106 99
532 129 67
532 894 51
533 592 24
533 335 100
534 914 78
534 146 59
534 772 93
535 102 84
535 922 9
535 762 1
535 785 34
535 947 28
535 738 21
535 659 50
537 650 96
537 966 78
537 489 80
537 327 55
538 730 46
538 529 60
539 13 39
540 593 97
541 851 53
541 887 81
541 164 60
541 723 77
541 872 82
541 773 75
541 692 57
542 169 91
542 216 37
543 691 28
543 468 66
543 334 34
543 335 69
543 166 35
544 222 15
544 927 30
544 967 99
545 834 57
546 741 95
546 949 34
546 288 92
546 393 98
546 433 40
546 553 2
546 440 6
546 616 10
546 813 13
547 636 61
547 872 29
547 230 41
547 31 29
547 910 23
547 173 21
548 614 48
548 703 86
548 491 32
549 868 9
549 23 52
549 995 35
550 556 33
550 681 29
550 282 71
551 778 6
551 623 85
551 768 3
551 114 54
552 836 26
552 32 67
552 2 55
552 282 3
553 569 72
553 608 53
553 901 52
553 639 88
554 694 36
554 232 69
554 680 38
554 295 88
554 814 94
554 175 100
554 433 4
554 247 1
555 681 38
555 770 58
555 271 32
555 642 82
556 581 58
556 427 69
557 608 54
558 749 32
558 943 5
558 816 89
559 408 58
559 150 16
559 153 23
559 806 85
560 15 87
560 977 1
561 481 57
561 531 49
561 955 18
561 253 28
561 609 50
562 392 32
563 600 1
563 616 11
563 82 68
563 397 90
563 178 84
563 652 81
564 347 13
564 718 43
564 360 59
564 909 44
565 305 25
565 810 84
565 312 100
565 706 66
565 345 42
566 705 21
566 616 8
566 946 9
566 621 30
567 348 62
567 408 88
567 226 54
568 735 90
568 194 86
568 661 48
568 147 50
568 822 84
569 622 67
569 550 8
569 527 60
570 836 36
570 999 12
570 33 68
570 873 100
570 16 81
571 267 99
571 486 20
571 984 54
571 440 46
571 813 46
571 494 6
571 594 39
572 360 88
572 924 52
572 927 80
572 471 51
573 964 86
573 882 55
573 559 1
573 884 14
573 224 57
574 123 92
575 955 44
576 580 72
576 176 43
576 836 55
576 319 54
576 867 9
578 436 79
578 785 79
578 196 57
578 884 14
578 112 74
578 18 37
578 849 12
579 966 20
579 784 87
579 625 54
580 822 53
580 662 59
580 443 39
580 157 3
581 698 11
581 92 16
581 598 97
581 616 35
582 618 96
582 712 49
583 950 78
583 177 23
583 779 2
583 462 52
584 848 93
584 356 97
584 369 26
584 695 63
585 249 97
585 786 100
585 63 48
586 607 63
586 794 43
586 645 22
586 261 58
586 347 94
586 955 95
586 329 64
586 257 87
587 883 89
587 633 51
587 60 89
587 985 40
587 901 19
587 212 16
588 849 13
588 599 4
588 683 15
588 804 23
588 664 24
588 829 38
589 801 49
589 707 68
589 421 74
589 544 51
589 657 48
590 738 49
590 11 3
590 863 15
591 653 78
591 744 59
592 670 91
593 425 65
593 873 69
593 882 78
593 977 12
594 944 43
594 516 71
594 943 93
594 330 91
594 715 89
595 631 62
595 713 37
595 569 99
595 944 12
595 663 37
595 655 14
595 799 29
595 181 99
596 878 35
596 345 81
596 379 57
596 776 21
596 86 42
596 698 40
597 815 26
597 473 94
597 31 2
597 417 23
597 55 41
597 66 42
597 443 50
598 546 4
598 499 73
598 553 45
598 848 81
599 92 20
600 776 92
600 70 46
600 807 37
600 135 24
600 44 76
600 213 14
601 619 74
601 747 95
601 715 99
602 617 41
602 809 16
602 954 9
602 648 50
602 380 36
602 936 95
602 391 51
602 626 61
602 557 6
603 250 97
603 842 60
603 757 80
603 843 41
604 515 98
604 203 67
604 261 72
604 678 85
605 858 91
605 829 93
606 216 76
606 292 15
606 909 100
606 828 51
606 521 32
606 786 39
607 477 93
607 336 65
607 162 85
607 408 88
608 627 36
608 343 100
609 676 30
609 47 22
609 347 30
609 497 83
610 799 19
610 364 83
610 874 58
610 172 6
610 496 74
611 446 62
611 228 77
611 739 10
611 813 88
611 719 85
612 154 46
612 827 6
612 111 59
613 41 75
613 94 34
613 183 9
613 86 20
613 716 79
613 935 91
614 998 98
614 113 5
614 221 5
615 750 74
615 898 83
615 629 18
615 968 54
615 926 61
616 279 86
616 682 15
617 16 5
617 810 94
617 540 96
617 28 81
617 691 95
618 627 28
618 299 24
618 794 80
619 719 99
619 12 80
619 320 4
619 833 10
619 479 39
619 605 68
621 611 33
622 689 6
622 915 23
622 248 91
622 268 44
622 46 4
624 966 36
624 914 50
624 374 15
624 453 55
625 268 22
625 191 48
626 124 51
626 753 69
627 553 56
628 296 68
628 51 86
628 699 49
628 43 85
628 423 67
629 741 59
629 16 99
629 73 42
630 905 46
630 913 25
630 472 12
630 746 79
631 23 27
631 904 70
631 348 69
631 256 35
632 257 89
632 871 74
632 354 72
632 457 69
633 795 40
634 769 86
634 866 73
634 33 36
634 181 18
634 630 73
634 131 2
635 870 72
637 745 53
637 618 7
637 965 34
637 561 76
638 718 24
638 713 60
638 198 97
638 998 6
638 558 76
638 275 73
639 514 75
640 130 26
640 906 41
640 926 32
640 560 29
641 600 48
642 657 95
642 486 19
642 768 51
643 180 81
643 123 10
643 817 87
644 812 56
644 939 52
644 34 89
645 788 49
645 726 53
645 604 18
645 294 11
645 920 39
647 943 24
648 265 87
648 342 46
649 960 14
649 913 27
650 779 43
650 116 81
650 973 12
651 740 6
651 686 61
652 342 24
652 994 25
652 309 74
652 247 26
653 411 37
653 143 34
654 29 19
654 448 58
654 187 63
655 910 89
655 467 37
655 146 82
655 919 9
655 484 91
655 654 29
656 640 46
656 770 30
656 95 73
656 468 83
657 789 67
657 379 27
657 651 89
657 986 99
657 173 10
657 178 47
657 284 19
658 848 21
658 252 70
658 559 84
659 311 46
659 335 86
660 940 71
661 828 88
661 863 6
661 886 41
661 689 28
661 13 12
661 599 50
662 724 78
662 40 3
662 519 56
662 503 61
662 808 70
663 849 87
663 889 56
664 557 54
664 154 8
664 877 48
664 847 63
665 366 18
665 84 81
666 814 70
666 44 55
666 301 50
666 342 50
666 263 86
666 908 63
667 765 46
667 492 69
667 941 90
667 857 1
668 992 72
668 227 66
668 12 1
668 674 90
668 191 34
670 399 64
670 926 34
670 181 19
671 715 5
671 412 5
671 201 89
671 920 21
672 938 93
672 198 62
672 316 9
672 989 83
672 819 27
673 214 21
673 145 84
673 840 20
673 559 38
674 189 12
674 38 42
674 805 32
675 68 48
675 301 57
675 707 36
676 998 8
676 904 70
676 509 23
676 871 3
676 633 41
676 887 14
677 91 20
677 816 17
677 311 78
677 213 16
678 879 25
678 933 15
678 163 75
679 408 30
679 461 92
679 534 38
679 227 87
681 733 18
681 252 12
681 887 51
681 216 3
682 758 8
682 946 81
683 813 34
683 888 79
683 873 66
684 766 68
684 312 22
684 975 24
684 781 49
685 988 41
685 837 69
685 374 32
685 888 1
687 415 81
687 98 63
688 742 75
688 922 34
688 162 19
689 737 20
689 808 27
689 404 3
689 113 27
689 969 65
690 187 54
690 431 17
690 789 31
691 773 35
691 782 4
691 334 18
693 859 61
693 610 98
694 942 72
694 841 95
694 7 61
695 845 64
695 328 88
695 412 14
695 732 16
695 332 66
695 290 43
696 844 84
696 509 33
697 826 3
697 861 45
697 876 19
697 864 99
698 858 42
699 751 49
699 907 28
699 422 10
699 365 9
699 211 19
699 919 5
700 732 79
701 718 40
701 968 81
701 585 90
701 506 26
701 490 52
701 449 49
703 743 80
703 428 9
703 655 77
704 763 22
704 205 31
706 763 31
706 772 73
706 37 15
706 506 89
706 723 78
706 623 80
707 918 89
707 956 20
707 177 15
707 964 43
708 125 86
708 19 15
708 857 61
709 316 26
709 306 45
710 888 12
710 265 43
710 30 34
710 342 100
710 489 61
711 113 46
711 774 85
711 668 22
711 802 27
711 47 54
711 466 8
711 341 80
712 590 68
712 489 73
713 766 19
713 526 36
714 793 2
714 187 6
714 465 84
714 981 8
714 740 33
714 956 54
715 225 61
715 490 28
715 541 48
716 574 22
716 948 53
717 865 46
717 595 52
717 161 98
717 810 16
718 848 77
718 26 80
719 766 89
719 234 13
719 670 54
719 777 74
719 932 50
720 828 50
720 956 69
720 937 39
721 876 21
721 7 81
721 883 4
722 108 9
723 765 47
723 944 12
723 2 8
723 788 70
723 272 9
723 414 25
724 838 24
725 348 21
725 838 33
725 284 77
726 894 20
726 263 10
726 1 46
726 614 27
727 627 64
727 347 45
727 812 62
727 507 58
727 167 41
727 841 36
727 38 18
728 381 69
730 747 83
730 621 64
731 876 2
732 101 50
732 472 96
733 440 80
733 841 94
733 54 13
734 967 86
734 166 21
734 623 20
734 125 6
734 237 79
734 318 41
735 429 58
735 712 76
735 561 75
735 299 73
736 769 35
736 904 48
737 777 35
737 399 98
737 570 4
737 988 78
738 897 4
738 138 9
738 16 18
739 778 99
739 410 17
739 213 35
740 488 93
740 303 86
740 436 6
740 855 32
740 900 96
740 733 71
740 453 4
740 471 16
741 764 9
742 757 19
742 47 40
742 797 20
742 448 55
743 900 81
743 782 68
743 429 95
743 285 31
744 125 45
745 771 50
745 785 77
745 384 11
745 843 5
747 834 71
747 17 75
747 65 58
748 829 16
748 283 61
748 543 83
748 49 70
748 599 5
749 239 28
749 763 47
750 595 69
750 621 69
750 460 88
752 691 3
752 947 81
752 539 68
752 488 52
753 1 89
753 439 56
753 118 53
754 982 50
754 614 94
754 485 34
755 305 18
755 814 80
755 769 46
755 329 53
755 936 1
755 273 88
756 395 35
756 435 77
756 712 11
756 602 73
756 628 97
757 733 80
758 138 5
758 324 54
758 551 83
758 667 85
758 16 13
759 853 19
759 709 87
759 113 76
759 642 20
759 407 97
759 900 69
760 85 42
760 794 36
760 804 86
760 647 74
760 820 43
761 873 94
761 731 52
761 817 81
761 973 68
761 38 75
762 399 33
762 783 15
762 855 75
763 226 40
763 121 77
763 230 49
764 762 16
764 423 73
764 623 74
764 302 85
764 70 28
764 386 54
764 403 31
765 165 70
765 570 78
765 588 77
765 255 20
766 260 32
766 318 100
766 428 8
766 51 33
766 588 70
766 215 60
766 592 82
767 303 66
767 285 11
767 107 81
767 857 17
768 833 41
768 136 87
768 594 68
768 283 70
769 332 29
769 52 93
769 707 63
770 276 12
770 910 98
771 953 34
771 268 38
771 596 7
771 387 71
771 81 90
771 788 49
772 961 78
772 739 60
772 983 45
773 644 93
773 108 69
773 239 52
773 397 64
774 446 32
774 493 52
774 286 22
775 411 18
775 392 35
775 719 37
775 397 20
775 823 23
775 379 73
776 286 9
776 924 7
776 442 81
776 367 64
776 510 65
777 692 85
777 308 38
778 798 52
778 962 46
778 86 74
778 337 87
779 223 1
779 254 78
779 561 6
779 465 7
779 772 11
780 948 34
780 445 64
780 667 72
780 71 52
780 679 23
780 338 51
780 729 81
781 864 81
781 886 51
781 596 15
781 826 92
781 205 69
781 166 74
782 932 65
782 976 24
782 667 94
783 632 53
783 374 82
783 576 64
783 79 70
784 519 88
784 895 41
784 665 49
784 225 22
785 965 59
786 182 24
787 885 28
787 856 86
787 164 99
787 860 56
788 824 59
788 189 17
788 76 80
789 911 57
789 956 4
790 991 16
790 573 18
790 148 61
790 142 13
791 882 90
791 548 48
792 286 96
792 200 70
792 513 68
792 760 27
793 996 50
793 83 74
793 123 69
793 887 35
793 47 15
793 230 41
793 893 56
793 815 50
793 850 99
794 738 99
794 190 57
794 251 25
794 735 32
795 808 92
795 529 39
795 9 41
795 893 36
796 775 78
797 35 5
797 172 47
797 150 49
798 950 52
798 301 21
798 150 76
798 295 88
799 343 26
800 920 46
800 841 70
800 704 44
800 78 48
800 602 59
801 409 20
801 454 56
801 747 29
801 791 57
801 722 13
802 902 32
804 333 48
804 803 46
804 791 74
805 852 77
805 420 15
805 698 18
805 828 54
806 598 11
806 434 16
806 13 78
806 781 39
807 379 2
807 26 88
807 157 4
808 272 27
808 898 15
808 393 78
808 376 100
808 79 33
809 978 93
809 638 38
809 652 56
810 884 16
810 918 40
810 899 66
810 112 76
810 455 54
811 242 51
811 166 32
812 984 63
812 810 47
812 239 2
812 30 34
812 147 24
812 330 7
812 5 23
813 216 3
813 250 30
813 562 2
814 805 68
814 679 82
815 852 44
815 311 18
815 219 21
816 103 65
816 45 54
816 710 43
817 644 29
817 633 8
817 472 28
817 2 3
817 786 18
817 652 42
817 179 67
818 178 81
819 599 17
819 483 52
819 634 51
820 673 51
820 289 83
820 453 88
820 748 12
820 238 12
821 516 39
821 743 24
822 35 4
823 42 43
823 396 53
823 122 7
823 796 81
824 868 86
824 269 97
824 758 31
824 520 85
824 666 10
825 566 72
825 522 39
825 183 93
825 82 52
825 213 61
826 933 21
826 100 18
827 546 14
827 573 37
827 97 42
827 543 17
828 759 99
828 148 23
828 784 30
828 71 61
829 300 40
829 959 35
829 477 58
830 140 3
830 266 76
830 399 49
830 460 37
831 157 83
831 935 72
831 612 60
831 550 4
831 55 90
831 588 64
831 327 89
831 155 55
831 94 39
832 272 32
832 389 73
832 119 31
832 173 90
833 867 57
833 405 18
833 15 41
833 53 15
834 866 20
834 553 71
834 899 48
835 839 85
835 861 76
835 549 21
835 404 59
836 103 6
836 605 68
837 563 42
837 414 61
838 938 48
838 90 99
838 284 55
838 956 100
840 384 31
840 240 18
840 481 6
840 586 34
841 536 43
841 396 29
841 896 63
841 232 30
841 592 85
842 28 19
842 835 91
842 709 81
843 793 63
843 456 61
843 175 59
843 621 61
843 370 44
845 659 67
845 967 39
845 435 85
846 512 60
846 563 27
847 906 85
847 986 31
847 786 52
847 568 56
847 708 46
847 859 7
847 586 8
848 919 29
848 271 6
848 35 26
849 934 26
849 257 13
850 163 2
850 902 54
851 28 5
851 676 28
851 595 87
851 989 35
852 953 88
852 911 89
852 306 68
852 402 37
853 258 46
853 875 96
853 107 57
853 307 6
854 551 11
855 908 5
855 486 78
855 475 48
855 435 75
855 469 24
855 866 64
856 23 54
857 232 6
857 521 79
857 280 86
857 961 76
858 75 18
859 556 8
860 583 98
860 564 83
860 308 65
860 142 40
860 279 44
860 824 85
861 326 8
861 994 56
861 50 67
861 857 72
862 24 100
862 973 11
862 378 99
862 779 18
862 275 89
862 40 32
863 258 78
863 667 45
863 556 61
863 604 28
864 569 27
865 651 60
866 502 16
866 332 91
866 891 3
866 663 82
866 482 91
867 671 98
868 22 86
869 520 94
869 549 15
869 757 67
869 595 90
870 981 25
870 936 47
870 78 76
870 252 51
870 414 13
870 836 19
870 341 95
870 988 77
871 452 63
871 968 22
871 258 99
871 901 34
872 649 39
872 558 57
873 115 57
873 139 36
873 427 16
875 299 65
876 901 63
876 64 68
876 133 36
876 6 83
876 635 57
877 805 17
877 825 23
878 965 95
878 254 25
878 232 23
878 284 79
878 234 6
878 358 9
879 945 64
879 796 17
879 402 46
879 112 22
880 969 24
880 621 81
880 854 91
880 339 46
880 128 69
880 411 55
881 490 98
881 287 49
881 89 21
881 159 3
881 825 76
882 798 82
882 86 43
882 309 34
883 844 63
883 890 30
883 337 30
883 170 71
884 472 43
884 278 27
884 551 76
884 544 87
885 411 88
885 444 64
886 114 12
886 955 74
886 227 74
887 667 64
887 208 93
888 373 2
888 300 25
888 907 26
888 346 84
889 868 65
889 828 49
890 358 2
891 132 51
891 788 38
891 291 94
893 942 57
893 104 34
893 517 50
893 818 92
893 654 66
894 541 94
894 806 9
894 163 67
894 429 3
894 409 90
895 140 35
895 326 95
895 704 2
895 343 83
896 442 55
896 10 42
896 166 38
897 382 28
897 635 78
898 10 30
898 926 3
898 552 74
898 498 18
899 425 33
899 452 100
900 661 49
900 138 39
900 452 53
900 49 27
900 4 11
901 779 36
901 240 97
901 784 74
902 276 53
902 474 64
902 314 18
903 650 73
903 893 65
903 87 41
903 833 31
903 172 37
903 710 12
903 637 39
904 184 49
904 307 58
904 978 34
904 88 64
905 915 50
906 423 33
906 288 29
906 126 71
907 859 37
908 797 6
909 704 16
909 350 88
909 565 36
909 494 7
909 159 8
910 292 9
910 322 41
910 59 91
910 563 29
912 975 21
912 748 97
912 706 40
912 101 30
913 848 2
913 695 99
914 464 18
914 821 54
914 800 21
914 319 16
914 390 13
914 255 27
915 778 74
915 8 14
915 87 79
915 965 26
915 940 97
915 933 5
916 305 19
916 586 16
916 397 67
916 622 32
916 855 58
916 201 11
916 760 43
917 424 60
917 900 2
918 754 46
918 144 73
918 678 81
918 927 19
918 399 21
918 800 66
919 191 60
919 169 10
920 240 71
920 956 69
920 83 60
920 900 28
921 924 1
921 6 11
921 54 98
922 438 59
922 398 39
923 943 52
923 465 6
924 275 41
925 130 73
925 380 100
926 294 22
926 178 18
926 33 46
927 504 50
927 351 90
927 667 43
928 459 1
929 880 58
929 179 26
929 504 43
929 369 56
930 199 95
930 911 77
930 496 90
931 720 86
931 712 3
932 236 95
932 352 79
932 245 61
932 93 89
932 212 39
933 72 49
933 510 54
933 588 83
934 19 84
934 547 55
935 115 45
935 958 86
935 35 75
935 131 64
936 450 11
936 255 38
936 697 12
937 954 64
938 912 10
938 799 56
939 973 17
939 605 60
939 164 77
940 302 39
940 615 24
940 772 38
940 242 80
941 958 92
941 306 53
941 167 76
941 896 21
943 407 7
943 136 42
943 722 85
944 587 79
944 776 21
944 170 72
944 105 73
944 280 12
944 431 25
945 316 12
945 147 19
945 133 61
945 807 92
945 914 98
945 606 20
946 433 75
946 198 58
946 712 22
947 270 7
947 427 79
947 336 13
947 337 29
948 335 94
948 2 56
948 867 3
949 161 20
949 535 52
950 305 94
950 156 31
951 734 100
951 98 67
951 332 34
952 889 9
952 673 19
953 985 87
954 650 83
954 537 82
954 945 79
955 686 12
955 843 99
955 726 21
955 303 1
956 555 71
956 467 95
956 302 85
957 223 74
957 359 90
958 212 81
958 882 24
958 577 10
958 646 86
958 232 83
959 606 88
959 307 92
960 523 73
960 782 95
960 44 51
960 137 79
961 875 24
961 939 60
961 509 39
962 440 11
962 325 97
962 714 18
962 847 100
962 756 94
962 675 37
963 78 24
963 717 3
964 285 87
965 875 71
965 58 22
965 819 14
966 433 36
967 878 34
967 819 2
968 891 52
968 421 94
969 48 21
969 995 75
969 253 63
969 545 92
970 898 77
970 887 33
971 953 73
971 285 81
971 277 98
972 990 40
972 992 33
973 952 29
973 365 32
973 201 96
974 476 4
974 57 16
975 456 11
976 841 52
976 656 35
976 305 3
977 535 61
977 203 88
977 407 52
978 298 58
978 817 73
978 834 99
978 996 15
979 228 59
979 811 40
979 702 36
980 576 5
980 334 39
981 104 61
981 971 42
981 514 56
981 567 92
982 862 22
982 226 16
983 443 36
984 469 6
984 766 2
984 524 29
984 420 73
984 673 22
984 873 82
985 594 47
986 2 72
986 555 97
987 190 21
988 175 16
988 708 1
988 12 4
988 21 68
989 347 73
989 46 19
990 942 52
991 503 14
991 933 86
992 140 37
992 401 6
993 607 54
993 474 64
993 40 34
993 844 16
993 541 53
993 248 96
994 229 45
994 261 5
994 912 55
995 498 57
995 710 96
997 335 45
997 195 44
998 894 97
998 382 16
998 365 12
998 604 33
999 162 86
999 241 47
0
